기업코드,비유동부채,자산총계,이자보상배율,ROA,ROE,총자산_총자본,유동비율
000020,14690149.0,324284672.0,9.47,0.4,0.57,142.86,146.77
000050,549386302.0,1335039930.0,0.36,-0.59,-1.27,194.36,74.98
000070,370535556.0,2748398512.0,1.4,5.6,8.76,121.66,163.19
000080,636669078.0,3518666190.0,2.35,2.92,7.31,246.33,55.12
000100,49203658.0,1403084367.0,72.46,5.95,7.01,116.65,402.11
000120,740995351.0,3669501369.0,4.14,1.92,3.03,129.65,112.86
000140,1124074164.0,4443598671.0,1.45,1.38,4.67,187.41,42.69
000150,10954507028.0,31504900930.0,0.89,1.07,3.81,158.76,104.03
000180,20773600.0,328454337.0,0.04,41.06,67.48,102.71,201.86
000210,1309415975.0,11006469363.0,6.12,3.68,8.39,211.05,152.6
000220,6010068.0,88679929.0,15.1,3.37,4.37,123.35,253.4
000230,79161926.0,541713444.0,2.77,3.25,5.39,163.96,166.34
000250,11219658.0,122079044.0,203.8,1.22,1.57,121.52,233.51
000270,5550013000.0,32398314000.0,22.46,12.34,25.46,163.93,111.39
000320,210980047.0,835907566.0,1.2,2.33,5.15,134.94,117.42
000390,66954132.0,424727541.0,3.91,3.87,7.41,187.25,162.33
000430,103201512.0,988715803.0,5.26,5.02,11.35,200.95,82.02
000440,1192582.0,57982474.0,7.14,3.2,4.19,131.23,56.07
000480,275225617.0,1167260069.0,3.58,3.19,5.88,146.49,143.35
000490,74930861.0,554436780.0,0.1,-0.24,-0.59,214.68,100.15
000500,89808771.0,517141282.0,2.05,0.82,1.61,193.85,185.37
000590,9783011.0,218181889.0,282.72,5.25,6.03,105.07,573.41
000640,345055603.0,1723108761.0,3.48,5.62,10.36,191.05,150.74
000670,587208532.0,4055468293.0,17.39,10.04,15.08,130.97,122.24
000680,252738287.0,1403958523.0,0.58,1.44,2.47,180.95,78.8
000720,1841137000.0,12746829000.0,12.46,4.61,12.43,244.79,156.28
000760,24924365.0,277575752.0,0.34,-2.63,-3.72,246.68,90.83
000850,35966875.0,306873292.0,14.09,4.96,7.11,138.25,242.7
000860,34305164.0,416128544.0,138.03,7.14,9.03,125.74,329.72
000880,8489180392.0,104085648123.0,2.49,0.83,6.35,228.38,88.91
000890,29710213.0,235749476.0,1.11,-1.98,-9.83,441.31,68.38
000910,40363274.0,262364852.0,5.17,1.85,2.57,135.54,186.27
000970,7157443.0,333174658.0,3.85,1.46,2.25,126.8,167.35
001000,1276038.0,37430638.0,2.35,2.35,5.9,248.7,22.84
001020,28258931.0,434804634.0,1.07,0.75,2.66,319.43,45.5
001040,6300428884.0,21385040866.0,3.16,2.78,7.15,117.66,94.56
001060,141628641.0,603145264.0,0.39,-3.21,-12.21,371.4,111.43
001080,26537583.0,256241965.0,19.73,3.89,4.81,123.4,602.15
001120,918670328.0,4957521910.0,3.96,4.63,15.44,217.88,121.14
001130,65738617.0,899689781.0,8.17,3.93,5.89,121.39,187.62
001140,11459290.0,98494841.0,0.64,-0.89,-2.56,296.8,73.5
001250,214323470.0,1144032690.0,5.35,2.14,8.92,243.92,98.31
001340,122432602.0,485691345.0,2.51,0.26,0.57,239.4,81.06
001360,30883541.0,103018449.0,0.17,-3.29,-9.19,296.77,183.8
001390,77427545.0,1011500974.0,2.15,3.33,10.06,263.58,108.01
001420,2633231.0,45085791.0,45186.65,3.12,4.96,152.71,215.74
001430,417040364.0,2159086176.0,7.72,5.73,9.04,159.97,210.41
001460,94762343.0,505456934.0,7.51,5.01,7.68,149.13,185.41
001520,695020438.0,3401374248.0,1.19,-4.08,-48.81,689.31,36.47
001540,8568633.0,167834953.0,5.88,2.16,3.16,144.51,253.73
001560,4904518.0,97864795.0,14.14,7.61,9.94,113.73,307.28
001570,18193965.0,127557393.0,1.68,2.88,8.2,281.03,109.45
001620,52766156.0,314467559.0,18.37,4.04,8.05,189.68,119.83
001630,118793212.0,708019120.0,8.08,5.4,10.05,165.0,179.21
001680,278685566.0,1621341813.0,4.35,5.54,15.04,218.28,105.28
001740,1900138675.0,10627073278.0,1.85,0.11,0.38,326.65,90.07
001770,663031.0,93345535.0,2.27,0.62,1.44,233.0,133.15
001780,74823486.0,448021732.0,0.39,-2.03,-6.82,247.36,99.81
001790,391458179.0,1620715653.0,2.44,1.81,6.86,230.96,111.38
001800,663546851.0,2647606703.0,6.86,6.84,15.89,183.76,120.58
001810,60959789.0,268712875.0,4.7,2.36,3.75,155.36,238.51
001820,12519186.0,130194292.0,5.3,2.1,5.16,236.6,95.1
001840,2249607.0,61784146.0,29.02,1.95,3.26,189.43,165.83
001880,308751399.0,598387597.0,0.68,-5.89,-60.15,1465.07,153.32
001940,45566778.0,1398716024.0,23.14,4.24,5.13,101.35,315.81
002020,689009872.0,3917250143.0,0.39,-0.31,-1.25,171.25,96.9
002030,207965875.0,1581790091.0,9.64,4.48,6.62,128.8,162.21
002100,14795752.0,269412832.0,5.6,4.65,7.0,134.3,138.53
002140,26962684.0,148319703.0,4.01,5.69,13.15,246.22,137.57
002150,67112091.0,346747778.0,0.32,-2.43,-3.94,160.11,212.03
002170,9727509.0,258563880.0,15.37,2.36,2.85,121.69,437.96
002200,27869342.0,269327436.0,32.49,9.33,13.03,127.41,225.29
002210,15153474.0,133633670.0,1.79,2.47,5.19,212.51,151.36
002220,40664071.0,309469737.0,0.84,-3.86,-7.81,185.11,81.87
002240,188902555.0,1813977723.0,7.01,2.41,3.47,131.59,152.17
002270,114318105.0,897938089.0,10.41,7.0,10.84,147.35,199.8
002300,44954507.0,652599580.0,4.4,1.79,2.4,130.17,244.49
002310,49650804.0,472881025.0,5.79,6.73,13.28,149.31,96.68
002320,603811508.0,1858651008.0,1.04,-0.58,-1.37,228.1,59.3
002350,729764524.0,2052081643.0,5.59,6.79,21.56,250.59,106.89
002360,9309054.0,103690070.0,1.72,0.2,0.32,157.95,171.22
002380,662228472.0,6823989638.0,7.64,6.3,8.94,135.1,141.65
002390,51987498.0,436393122.0,19.28,1.37,2.04,151.92,186.09
002450,21501876.0,322968331.0,1.44,2.27,5.3,172.19,81.48
002460,87180059.0,396688055.0,2.3,2.88,5.96,179.64,228.39
002600,10192558.0,126574159.0,7.85,6.07,8.63,134.12,303.67
002620,28116493.0,390765178.0,8.39,2.88,4.73,161.87,186.4
002630,14100196.0,136244515.0,0.91,0.79,1.66,129.68,113.74
002680,11939834.0,153210325.0,2.21,1.92,5.65,292.38,94.83
002690,6446450.0,132664734.0,2.26,2.23,3.39,142.52,211.79
002700,223470.0,58652640.0,1.95,2.14,4.83,209.03,148.35
002710,129299866.0,547013976.0,0.57,0.02,0.06,209.12,113.94
002760,5412281.0,49422088.0,22.93,4.01,5.1,128.3,311.59
002790,353038141.0,4515954822.0,196.02,7.91,9.92,103.11,260.76
002800,8667652.0,37653800.0,2.08,1.69,3.86,226.92,195.12
002810,18344097.0,250227922.0,28.17,8.96,11.14,121.14,497.76
002840,26508043.0,210557314.0,12.27,11.99,21.34,150.93,134.43
002880,74283764.0,385720682.0,2.64,1.08,4.67,313.52,59.78
002900,63209889.0,338915310.0,1.36,-0.39,-0.91,215.42,154.89
002920,56199663.0,328962825.0,14.14,8.13,12.79,151.68,256.92
003000,12000191.0,247919262.0,10.65,6.53,8.53,126.34,404.06
003030,287809350.0,2030350314.0,9.12,5.03,10.17,173.58,146.73
003080,4105177.0,101598444.0,81.81,2.94,3.43,116.06,453.16
003090,33953277.0,803483145.0,25.92,10.21,13.67,106.07,237.55
003100,77974064.0,431728362.0,8.29,3.07,4.21,133.22,246.29
003120,41470658.0,383625419.0,14.02,9.15,11.22,120.61,210.39
003160,28127785.0,188020556.0,0.33,1.32,2.31,140.71,169.97
003220,10519300.0,147125433.0,59.59,6.79,9.01,129.72,318.21
003230,21718918.0,290495086.0,2.71,1.72,3.31,180.36,77.7
003240,353478421.0,3880265818.0,6.05,2.99,4.48,128.15,147.31
003280,190070612.0,533571353.0,1.92,3.07,13.74,454.6,54.59
003300,518358009.0,2142931905.0,2.62,-3.33,-5.55,162.53,168.67
003310,11797810.0,83030769.0,0.61,-0.12,-0.23,185.54,110.71
003380,347169957.0,2963011537.0,1.99,2.78,8.5,172.33,97.72
003410,515174017.0,3163501918.0,1.45,1.26,3.48,246.39,43.0
003480,567296000.0,2315289000.0,5.51,-0.38,-0.63,101.38,108.68
003490,13861877558.0,22973401146.0,0.41,1.13,9.04,871.14,54.21
003520,32502813.0,161950874.0,2.35,1.12,1.98,177.83,194.69
003550,1876805000.0,15848076000.0,16.94,6.2,8.55,103.98,140.45
003560,1881386.0,45827243.0,18.7,8.57,13.55,127.2,273.66
003570,113281671.0,1156625435.0,40.0,3.74,5.59,137.16,209.36
003650,2676999.0,203119301.0,104.88,12.42,15.6,120.93,455.52
003670,19985164.0,540389678.0,161.13,14.59,20.72,133.65,302.72
003680,24796988.0,179025738.0,2.17,2.28,6.17,266.47,103.17
003720,16363351.0,207864169.0,7.72,2.36,3.68,128.86,157.72
003780,1305536.0,31803400.0,227.64,9.44,11.97,121.03,320.63
003850,17158646.0,273006171.0,1.38,3.51,6.63,187.26,143.46
003960,35526706.0,362275910.0,1.23,-0.29,-0.71,210.09,75.68
004000,229240702.0,1607875860.0,674.99,4.87,6.54,139.28,225.01
004020,7117640503.0,23466328779.0,2.48,3.55,8.41,233.45,91.2
004060,15452813.0,291832827.0,0.29,0.26,0.36,136.65,193.97
004080,12550337.0,141018610.0,0.58,0.73,1.33,177.84,123.27
004090,31323384.0,215853209.0,1.91,1.67,3.69,175.11,111.93
004100,80208998.0,404649952.0,1.54,0.44,1.79,340.7,96.57
004140,163034552.0,705078326.0,1.03,0.14,0.64,387.58,65.18
004150,853734724.0,2543426035.0,1.53,0.89,2.91,221.03,64.85
004170,2371126119.0,6968481558.0,4.8,3.49,7.34,247.44,38.51
004200,289082162.0,916143108.0,1.41,-0.23,-1.87,761.85,129.44
004250,36483624.0,258055159.0,4.3,7.92,15.27,179.22,122.85
004360,97040193.0,903191339.0,5.43,5.97,9.05,146.38,128.11
004370,115816207.0,2151310878.0,26.75,-0.41,-0.62,144.02,146.37
004380,31175108.0,201147087.0,1.79,4.06,8.12,170.53,160.26
004410,13170558.0,50335004.0,1.63,1.66,3.43,206.04,124.58
004430,99997000.0,862123000.0,2.49,2.36,7.28,290.16,75.44
004440,51891763.0,332197171.0,5.23,4.84,11.31,241.64,83.43
004450,11497905.0,126023933.0,53.36,6.12,7.6,123.33,313.39
004490,12339867.0,772556142.0,72.42,13.18,18.19,131.94,318.73
004540,47429329.0,423872333.0,2.13,3.32,12.98,363.66,44.75
004560,118481758.0,623511528.0,1.48,1.83,4.35,234.59,131.41
004590,8083465.0,85842468.0,5.67,4.05,5.46,125.29,249.93
004650,511619.0,121588676.0,0.66,-15.28,-28.45,175.97,101.67
004690,610420745.0,2775289821.0,3.88,1.37,3.09,224.3,108.08
004700,2792283.0,178991294.0,7.62,3.44,4.47,125.82,311.85
004780,8757105.0,123300140.0,4.01,3.27,6.71,205.04,137.96
004800,4138925563.0,13772714199.0,0.9,1.03,4.74,274.46,68.15
004830,4847216.0,99879068.0,4.24,2.09,3.43,156.0,188.88
004840,11837694.0,368994998.0,4.56,6.71,15.93,180.39,85.54
004890,6718844.0,361877520.0,139.06,7.88,9.71,117.14,441.62
004910,14448768.0,217570680.0,2.64,6.08,10.49,176.25,109.56
004960,232859190.0,1502729284.0,0.92,0.39,1.66,466.49,127.06
004970,39430594.0,509905304.0,74.17,14.71,18.75,127.51,317.81
004980,287864430.0,1122491013.0,0.34,0.27,0.94,336.63,60.74
004990,850489034.0,4024386750.0,6.69,2.27,3.31,138.38,191.44
005010,17732063.0,556020140.0,20.85,4.74,6.71,142.27,155.77
005030,66853522.0,221794773.0,0.58,-1.08,-4.96,450.03,75.05
005090,138764883.0,629665378.0,1.05,2.62,6.62,269.07,62.7
005110,2825469.0,34879179.0,8.32,3.13,5.07,133.5,220.8
005160,130696725.0,719246797.0,1.91,1.58,2.84,172.05,170.51
005180,27643839.0,545632463.0,192.44,9.75,12.14,124.43,379.74
005190,23004776.0,110211415.0,10.76,4.16,7.68,185.92,178.71
005250,168086554.0,1446337218.0,11.58,2.98,9.65,129.71,169.29
005290,99716553.0,594654428.0,1.32,1.25,5.35,338.19,56.2
005300,890978479.0,3750453523.0,5.91,2.26,3.76,161.41,126.92
005320,6872612.0,65808287.0,3.42,7.68,67.43,1290.51,79.48
005360,37206219.0,197773862.0,1.5,-1.2,-3.95,304.53,111.12
005380,40784540000.0,121537814000.0,19.78,7.84,20.54,145.72,103.49
005390,50099718.0,551884229.0,2.17,1.08,2.84,239.39,108.2
005430,79697628.0,373149195.0,6.74,0.37,0.56,157.57,226.64
005440,239307310.0,1798967848.0,86.61,4.64,6.29,127.43,226.78
005490,17061431814.0,79265850804.0,4.19,3.03,5.74,133.59,159.63
005500,20718319.0,204185915.0,10.0,5.16,9.15,181.11,188.52
005610,108868815.0,545770666.0,4.21,2.33,6.31,234.7,76.77
005670,10772026.0,96913198.0,2.58,1.44,3.24,194.9,91.31
005680,6299353.0,456241229.0,160.69,1.86,2.02,105.26,1023.05
005710,19078717.0,307255200.0,33.2,8.47,18.77,178.45,139.77
005720,72669908.0,720858644.0,18.75,11.98,17.6,136.07,106.79
005740,401212017.0,1087996254.0,2.16,3.48,16.84,225.71,63.05
005800,14610678.0,295673751.0,54.65,5.34,6.02,113.27,573.02
005810,36707248.0,600806037.0,19.49,6.41,7.74,109.72,220.83
005820,9257783.0,128664067.0,2.1,3.97,6.14,144.03,169.96
005850,84524855.0,1125387757.0,4.92,5.58,10.5,138.1,124.9
005860,11650608.0,148567901.0,0.88,2.9,8.26,242.79,95.51
005930,12658312000.0,181071570000.0,48.5,14.16,21.41,125.85,185.94
005950,289419687.0,1308917043.0,1.95,1.2,3.23,177.09,120.68
005960,759454841.0,2918605739.0,0.66,-0.14,-0.84,474.29,94.07
005990,104157987.0,627705577.0,3.56,3.32,7.03,204.83,134.31
006040,372109782.0,1380697561.0,6.46,7.64,19.04,174.13,172.92
006060,51261381.0,457260643.0,1.06,0.89,3.03,214.44,93.43
006090,19896122.0,174208895.0,2.72,0.33,0.82,241.95,99.37
006110,12742525.0,173452507.0,2.3,1.54,2.54,158.43,140.54
006120,1353966666.0,4993944780.0,3.25,3.47,9.32,231.4,137.42
006140,4213912.0,96153545.0,34.7,10.11,13.53,128.77,282.05
006260,3177694000.0,10088230000.0,1.89,2.13,7.53,107.7,133.26
006280,45172349.0,954379520.0,34.94,6.13,8.45,134.1,206.05
006340,8013772.0,215527769.0,3.77,1.43,4.42,301.99,132.69
006360,2486006585.0,11775952203.0,2.3,0.82,2.41,265.33,146.96
006390,292863808.0,533117171.0,1.05,-5.4,-50.47,823.93,91.39
006400,1326564426.0,10895087292.0,7.64,15.31,21.43,136.14,120.5
006570,14872324.0,254351458.0,0.12,-2.85,-5.18,174.94,104.14
006580,46783747.0,207932155.0,3.7,5.49,11.47,179.01,76.09
006620,16238911.0,71775710.0,0.69,0.15,0.69,455.2,83.02
006660,12299485.0,249081130.0,4.39,1.3,2.02,124.54,267.94
006730,160776626.0,843971875.0,0.56,0.04,0.07,195.06,25.49
006740,9504780.0,121187862.0,80.78,7.09,8.42,119.27,676.95
006840,104815805.0,1062012676.0,4.31,20.8,44.89,101.84,101.97
006880,34664783.0,185368365.0,17.18,5.12,7.83,122.15,151.57
006890,2378145.0,90176361.0,4694.19,8.25,9.69,113.97,340.38
006910,11300410.0,97602031.0,1.57,1.02,2.44,256.72,107.44
006920,5067889.0,55237958.0,3.66,3.64,12.57,212.78,76.39
006980,15489123.0,293785485.0,2.3,2.42,4.16,170.45,181.98
007070,787083679.0,2913810618.0,3.05,4.18,8.34,187.82,121.34
007110,16495447.0,76481976.0,2.96,1.05,1.47,137.23,591.26
007120,2800402.0,37376216.0,2.68,1.07,1.7,146.81,79.87
007160,267440971.0,1460206578.0,1.51,1.21,4.02,253.8,76.1
007210,46783853.0,386491791.0,2.87,0.84,1.6,173.96,172.63
007280,97486622.0,553819260.0,0.54,0.61,2.92,461.18,68.33
007310,127882077.0,1099877736.0,21.43,7.26,12.11,167.4,150.81
007340,17299968.0,730588820.0,9.63,7.89,10.89,119.37,223.51
007370,5636255.0,69564322.0,124.52,3.7,4.54,123.28,540.15
007530,25483246.0,96940991.0,1.1,0.52,1.73,339.2,72.47
007540,32489269.0,234104260.0,9.32,3.59,5.61,164.82,143.59
007570,76695010.0,377664126.0,0.54,0.56,1.15,207.65,106.84
007590,11322391.0,152438378.0,57.01,3.49,4.65,133.86,416.49
007610,7800346.0,98958167.0,16.27,1.25,1.7,135.28,224.03
007630,1520970.0,69285500.0,0.99,0.89,2.46,279.72,86.46
007660,53237415.0,340959737.0,4.61,5.99,12.15,152.9,181.39
007680,172642470.0,1012195056.0,3.1,3.09,9.82,254.72,167.11
007690,45451685.0,547775296.0,9.05,5.37,9.17,146.35,200.17
007700,8670371.0,212315399.0,232.37,3.93,4.83,125.04,247.74
007770,10054895.0,103861334.0,1.26,0.01,0.01,116.48,408.39
007810,63249247.0,462312486.0,10.28,9.49,15.64,169.48,127.24
007820,3032595.0,68539806.0,63.59,8.23,13.79,163.88,216.19
007860,199981699.0,1443122649.0,6.99,4.35,11.92,184.51,107.11
007980,85731503.0,496589143.0,0.84,0.18,0.6,287.28,102.34
008040,204471486.0,720520338.0,0.43,0.15,0.57,298.99,87.91
008060,7920721.0,550218366.0,701.38,9.05,11.79,127.36,232.06
008250,86473201.0,352102941.0,2.24,1.25,3.68,282.13,84.07
008260,24483288.0,142242311.0,3.87,4.94,11.72,226.12,103.2
008290,1888800.0,50929563.0,1.71,0.88,2.16,241.45,95.05
008370,3892241.0,79519877.0,44.53,5.44,7.17,127.96,238.69
008420,4727790.0,125759332.0,0.89,2.0,3.14,154.43,163.81
008490,188838693.0,466466906.0,1.53,-0.53,-1.16,229.48,218.98
008500,9074710.0,77512873.0,7.72,6.61,9.51,152.6,228.36
008730,58850581.0,444607018.0,89.43,5.42,7.55,146.17,218.08
008770,509961683.0,1547612290.0,5.09,6.89,15.65,224.6,214.39
008870,50438832.0,215481348.0,2.7,1.08,1.82,172.32,185.74
008930,21754084.0,485394283.0,2.99,2.8,3.26,109.8,105.65
008970,29342562.0,212256262.0,1.86,1.25,2.42,181.34,121.42
009070,65170024.0,297598770.0,4.15,0.0,0.0,181.79,113.0
009150,966744040.0,6891464351.0,11.78,6.36,11.53,146.36,134.31
009160,22445826.0,318665505.0,15.51,6.13,10.81,172.84,140.97
009180,3877199.0,204757097.0,8.26,2.81,5.34,186.51,123.68
009200,724089454.0,2224876903.0,0.94,0.21,0.72,268.06,63.33
009240,16408894.0,376768030.0,12.79,10.23,18.92,167.27,125.26
009270,81393820.0,430183486.0,0.08,-2.4,-5.37,226.53,145.22
009290,49496787.0,389433837.0,28.76,7.81,10.74,145.98,279.11
009300,14493585.0,144788191.0,17.97,8.46,10.31,119.34,765.4
009410,771250977.0,3014449935.0,2.48,3.07,7.67,274.06,116.43
009440,81833729.0,485305389.0,10.55,8.49,21.4,128.76,123.72
009450,23664999.0,299729837.0,11.7,3.26,5.33,167.3,145.1
009460,13638368.0,152931232.0,0.82,0.4,1.34,313.89,67.3
009470,13662635.0,143173331.0,0.64,1.36,5.03,397.27,91.31
009520,36549128.0,436985626.0,2.51,2.11,5.03,198.5,126.28
009540,8357837777.0,49273175894.0,5.11,2.1,5.58,201.7,115.66
009580,302688342.0,1237602800.0,1.59,2.38,5.27,222.01,82.27
009680,35192024.0,450624651.0,161.17,6.38,7.66,113.14,955.69
009770,6901346.0,167662404.0,187.85,10.25,12.56,118.05,487.27
009780,18263053.0,112365858.0,1.48,2.55,8.23,297.04,86.68
009830,3591940829.0,12406694986.0,0.02,-0.92,-2.39,191.96,84.31
009970,187414141.0,1396211344.0,82.86,12.83,18.74,110.73,300.8
010040,26394721.0,185082477.0,3.98,5.78,13.04,199.44,102.79
010060,2742592713.0,7283049629.0,1.86,0.18,0.35,177.62,208.41
010100,61810828.0,614503505.0,2.96,2.12,5.09,260.16,130.7
010120,578611323.0,2020324063.0,5.36,5.13,12.05,231.13,191.5
010130,328557204.0,4940542141.0,68.19,11.9,15.15,117.0,403.13
010140,2433350028.0,16634966576.0,63.09,4.82,16.04,312.18,115.22
010170,26211627.0,212142161.0,2.38,-2.23,-4.24,191.08,80.52
010240,26258812.0,89487387.0,2.82,3.92,8.5,208.46,207.27
010280,2619629.0,123897398.0,27.3,4.41,12.02,284.87,145.99
010400,663640.0,44719738.0,13547.58,10.61,16.02,139.08,263.59
010470,8350543.0,123839645.0,3916.3,4.33,10.11,252.29,139.8
010600,6092868.0,61813589.0,3.28,-4.42,-7.76,136.89,228.94
010620,657367985.0,7722829117.0,35.38,1.12,2.57,157.54,113.52
010640,2653997.0,23919761.0,18.76,5.25,7.39,139.13,194.56
010660,5668976.0,175333825.0,95.75,6.57,11.04,152.2,180.77
010690,114602877.0,853595978.0,21.83,2.82,6.73,136.19,133.38
010770,181701874.0,566324408.0,0.53,-0.61,-2.05,180.71,125.15
010780,209233160.0,1103203088.0,2.0,0.58,1.52,240.01,121.35
010820,23545368.0,132133694.0,2.7,2.08,3.77,190.12,138.35
010950,846216000.0,12497379000.0,9.14,4.55,11.04,232.54,136.75
010960,7874858.0,207299680.0,13.16,4.16,7.27,169.68,159.44
011040,6042887.0,189234624.0,29.09,4.32,5.32,120.65,337.31
011070,1608753853.0,4886285404.0,0.71,-0.54,-1.92,377.0,103.18
011150,4834923.0,84020228.0,7.09,6.89,15.72,215.33,86.9
011170,1615534767.0,10372314247.0,5.41,2.99,5.16,155.12,156.35
011210,901392991.0,4573489077.0,12.01,9.62,25.14,224.95,155.8
011280,65757721.0,537562161.0,6.12,6.47,10.42,155.97,69.43
011300,50460658.0,298232459.0,0.9,1.84,5.45,169.84,97.98
011320,22905438.0,139780152.0,3.94,6.24,17.38,267.31,100.94
011370,25736319.0,152291196.0,5.2,2.75,5.28,195.63,241.46
011420,4631378.0,43979072.0,3.79,0.87,1.52,159.7,184.17
011500,11490115.0,128886580.0,5.66,7.01,12.35,174.22,157.89
011560,442942.0,117506548.0,179.09,5.71,8.95,142.73,231.91
011690,3956682.0,105539347.0,0.47,-1.39,-3.95,275.51,118.62
011700,3501778.0,74166752.0,206.89,7.04,9.94,143.72,309.37
011760,136012694.0,1914761875.0,1.37,2.59,12.97,430.43,104.52
011780,1313905398.0,4410738573.0,2.21,2.76,7.84,275.93,103.59
011790,1045696143.0,3491296172.0,2.19,0.95,2.72,219.06,62.94
012030,50641701.0,693327543.0,1.13,0.43,1.07,241.36,53.76
012160,42096290.0,294202970.0,3.66,2.32,3.76,134.74,123.87
012200,5721187.0,174553310.0,27.19,2.9,3.53,119.2,479.66
012280,11315842.0,105616697.0,3.6,4.84,13.04,197.98,100.32
012320,113613967.0,1209924561.0,17.71,3.88,10.04,249.17,125.27
012330,2464210000.0,30046996000.0,60.18,13.46,22.97,135.99,195.2
012450,643713273.0,3240938017.0,4.45,4.08,8.28,212.09,135.97
012510,61517695.0,192276834.0,6.34,9.47,23.2,219.76,150.52
012610,18373507.0,287452678.0,1.16,0.69,1.19,148.69,155.43
012620,8508617.0,154879075.0,3.29,4.12,9.03,209.63,155.87
012630,1659830189.0,6638455523.0,1.04,0.08,0.22,224.69,186.08
012690,585569.0,63959812.0,69.4,15.22,20.94,130.97,196.72
012790,191000.0,62609080.0,23.73,7.2,8.3,113.71,457.9
012800,47541742.0,477036779.0,0.57,1.83,4.76,247.95,119.85
012860,66791848.0,422182775.0,1.58,1.02,3.38,359.4,95.75
013030,5733986.0,248403024.0,31.43,12.49,17.04,133.33,300.11
013120,42562801.0,419752428.0,215.17,9.25,15.27,173.23,297.5
013310,121162320.0,344163291.0,1.57,2.01,11.54,305.11,73.8
013520,84425230.0,956450234.0,1.83,1.18,4.78,251.26,73.95
013570,105889198.0,573458265.0,5.76,7.38,13.56,170.73,211.47
013580,252962920.0,1619835867.0,1.51,0.28,0.86,293.75,137.41
013700,35592848.0,205728744.0,0.52,-1.51,-7.69,478.32,98.28
013720,8154919.0,32395188.0,2.41,5.81,11.79,208.45,141.42
013810,1626743.0,84898836.0,1.12,1.25,4.42,283.81,65.45
013870,57718897.0,354106751.0,6.16,4.11,8.7,205.42,143.21
013990,34568152.0,207875882.0,13.09,1.21,1.71,138.93,435.15
014100,7869636.0,90451727.0,0.76,0.82,2.05,260.34,134.47
014130,8099013.0,77986093.0,12.64,6.53,27.07,354.08,88.09
014160,55382144.0,198105801.0,4.55,5.83,11.67,176.96,160.12
014190,6822271.0,105812786.0,0.71,-0.59,-1.45,200.69,115.33
014200,5456359.0,89766075.0,1.71,0.67,0.98,141.36,257.28
014280,118110635.0,656552491.0,2.12,2.79,6.97,251.14,98.69
014440,3028038.0,150657195.0,5.13,3.46,5.69,157.51,101.37
014470,17326437.0,215669885.0,12.22,4.8,7.96,152.12,105.38
014530,24913755.0,197891858.0,4.86,6.05,12.17,191.55,167.85
014570,3753958.0,65942813.0,4.43,2.27,3.18,138.61,325.19
014580,25659845.0,169785218.0,6.64,5.2,8.66,164.33,114.44
014620,41543487.0,510735016.0,26.14,11.57,16.04,136.91,334.39
014680,101020401.0,358680526.0,5.07,10.61,21.62,194.13,131.62
014710,58549567.0,289383562.0,3.43,4.15,8.73,188.52,158.35
014820,78461247.0,417873004.0,1.09,-0.25,-1.19,430.63,97.44
014830,193095700.0,843081791.0,2.5,0.54,1.04,167.6,166.72
014970,26545881.0,109789152.0,4.31,4.75,9.59,186.06,120.16
015230,7718525.0,143955197.0,30.21,15.94,24.86,128.89,289.29
015260,16055135.0,272978097.0,2.46,0.93,3.58,171.12,92.6
015350,53886194.0,764836250.0,85.01,5.13,9.39,186.37,106.02
015360,194289045.0,1376560202.0,1.46,2.27,4.92,197.12,126.0
015590,19162625.0,262270166.0,2.27,2.52,10.4,368.35,86.44
015710,8601924.0,101942031.0,33.55,3.51,5.05,149.38,171.74
015750,289344903.0,2259623106.0,5.2,7.15,17.96,199.15,106.16
015890,28097407.0,428780317.0,9.78,5.77,9.17,130.14,144.95
016090,22271570.0,198840460.0,9.68,3.66,6.98,198.99,105.99
016100,14044798.0,74444268.0,0.98,-7.03,-10.78,156.45,156.16
016250,21071432.0,476917725.0,4.43,4.62,11.45,287.94,97.36
016380,1712293561.0,5346688430.0,0.09,-2.07,-7.43,344.74,67.87
016450,66043332.0,777412081.0,9.71,7.85,18.78,112.09,129.76
016590,62397141.0,403588349.0,7.9,7.08,12.12,136.83,123.44
016670,145000.0,52168522.0,21.46,8.99,16.3,144.08,183.3
016710,219346110.0,1057796637.0,1.75,3.31,7.13,159.58,121.45
016740,9853911.0,122612358.0,2.64,11.0,56.04,428.93,72.8
016790,2968406.0,95199657.0,3.15,6.6,21.9,285.61,127.07
016920,12602984.0,113300349.0,2.37,1.03,2.73,236.91,123.1
017000,8780377.0,85500453.0,1.35,1.63,3.09,190.09,202.52
017040,8959680.0,131064345.0,3.63,0.32,0.65,189.02,136.38
017250,7628324.0,112220506.0,1.62,1.0,1.54,154.78,166.78
017370,13147475.0,154719927.0,5.81,3.67,7.6,181.14,144.46
017390,212903018.0,1519546129.0,11.16,4.56,9.29,206.66,127.33
017480,26042412.0,168677580.0,23.2,5.12,7.43,144.85,333.02
017510,6971649.0,65202865.0,732.07,6.18,7.67,123.92,285.69
017550,8981103.0,131388961.0,12.2,9.43,15.52,149.84,185.95
017650,13483337.0,100891437.0,23.85,12.25,16.85,124.32,338.24
017670,6565881872.0,25595559623.0,4.2,4.47,8.72,179.76,85.74
017800,396623094.0,1266147704.0,1.75,-20.65,-57.78,222.67,125.77
017810,411318772.0,1025509528.0,1.51,1.03,3.49,208.74,147.04
017890,21886410.0,240855821.0,4.16,3.31,4.84,133.03,174.57
017940,872421387.0,3512419789.0,1.9,2.67,7.77,262.06,95.65
017960,27141705.0,290528372.0,5.14,2.12,2.96,126.8,443.38
018120,1854850.0,62521841.0,14.24,17.14,19.91,126.48,325.51
018250,49523878.0,267394600.0,3.02,1.29,4.18,311.87,78.31
018260,153210998.0,4465407179.0,258.96,9.55,13.18,128.28,213.94
018310,13562639.0,151111284.0,11.06,3.59,5.35,158.05,103.3
018470,15007491.0,250378245.0,2.1,3.3,5.28,146.1,233.73
018500,87522885.0,353209490.0,1.38,1.28,9.3,587.7,68.06
018620,1860459.0,26176414.0,7.83,4.91,7.03,141.07,205.2
018670,512081733.0,2892299703.0,6.49,3.89,10.67,274.85,135.5
018680,21909490.0,60676931.0,7.16,9.87,22.3,239.04,139.97
018880,64280453.0,2236209331.0,53.16,11.44,18.01,137.55,187.31
019170,34294986.0,379679609.0,3.11,3.78,7.78,202.4,122.25
019210,147232683.0,589456595.0,1.82,2.28,7.21,260.63,130.57
019440,84757337.0,484959468.0,3.46,4.45,10.09,209.6,168.83
019540,54940303.0,221606669.0,2.24,4.22,12.97,184.45,105.01
019680,27182256.0,814113140.0,30.07,2.48,3.28,125.09,183.13
019770,6101168.0,95205790.0,43.53,9.27,13.47,125.19,251.79
019990,1275376.0,31616562.0,55.26,12.84,14.73,113.43,683.23
020000,18153225.0,873763192.0,74.89,7.69,8.76,110.63,418.24
020400,10707445.0,52200058.0,0.84,0.43,1.29,299.71,73.03
020560,3052984974.0,6086361853.0,1.11,1.06,6.7,605.95,52.48
020710,1891311.0,103346217.0,319.62,2.06,3.02,128.15,227.87
020760,8256625.0,272594180.0,44.56,28.27,53.3,180.69,139.61
021050,60423118.0,456603539.0,0.58,2.11,6.21,240.56,107.14
021240,210864605.0,1755108360.0,7.48,5.56,12.35,211.97,102.64
021320,177947269.0,1079961586.0,0.8,0.77,2.01,253.78,175.22
021650,7958278.0,91486086.0,4.32,2.62,6.84,105.5,82.44
021820,24275235.0,429357512.0,55.55,18.51,25.77,124.81,236.27
022100,168184073.0,908415621.0,3.21,1.44,4.71,291.85,95.49
023000,4850161.0,205818260.0,93.23,8.79,13.03,137.1,241.15
023150,13082389.0,134385813.0,1.08,0.21,0.7,237.09,61.27
023160,11332903.0,449366566.0,986.48,7.77,9.16,116.14,597.44
023350,12071895.0,185606145.0,112.5,0.71,1.12,155.78,155.46
023450,734827.0,54686376.0,3.41,6.52,8.28,114.38,390.11
023530,10049701335.0,36857044868.0,7.12,3.31,7.62,174.78,117.87
023590,153709536.0,4848503131.0,20.8,2.14,8.73,144.23,215.96
023600,85666635.0,518373324.0,4.18,3.07,5.43,143.3,86.04
023800,53608946.0,384522741.0,5.93,5.75,13.16,188.86,104.54
023810,23869585.0,146336318.0,9.98,6.57,14.93,219.36,120.51
023890,6352548.0,386068699.0,138.89,15.03,19.37,127.04,401.94
023900,9458486.0,116479112.0,21.82,5.06,6.26,108.35,243.51
023910,10294757.0,101062423.0,13.27,7.59,16.1,211.6,123.11
023960,48585930.0,385510001.0,0.53,-0.45,-1.46,157.01,87.21
024060,1261847.0,74700052.0,4.77,1.91,2.26,116.28,169.86
024070,3091100.0,133825895.0,433.67,5.47,6.33,113.38,635.23
024090,3062420.0,195844414.0,17.31,6.2,8.01,138.78,280.71
024120,13158270.0,104467698.0,4.88,3.83,7.33,167.65,133.86
024720,37411700.0,266882024.0,6.2,8.13,14.13,113.55,112.55
024740,44420643.0,210869649.0,0.64,-1.16,-2.82,228.86,105.54
024800,30803409.0,341349472.0,0.41,-0.92,-2.63,268.37,74.61
024840,21656715.0,152297496.0,0.33,-2.18,-6.88,317.35,130.98
024850,4878294.0,70083412.0,1.89,-3.49,-6.5,145.05,172.73
024880,59800702.0,330265493.0,2.32,1.12,2.42,201.1,130.62
024890,11474558.0,109600307.0,0.23,-4.57,-13.45,271.7,81.29
024910,140992010.0,393499127.0,0.94,3.13,15.26,491.24,81.54
024940,907169.0,42862006.0,2.54,1.82,2.86,159.86,159.49
024950,566558.0,94605956.0,19.5,8.4,10.32,123.2,174.4
025000,8759040.0,450374133.0,28.16,8.27,11.48,129.81,282.65
025320,8441647.0,244751333.0,0.47,-12.51,-37.56,275.67,92.57
025440,15966687.0,129311446.0,0.62,-6.74,-32.33,351.3,69.82
025530,6933809.0,225994323.0,40.7,8.14,9.9,100.05,542.57
025540,10132627.0,498541217.0,134.19,6.13,7.91,124.49,256.85
025550,16344041.0,165123321.0,1.49,3.14,8.37,220.56,122.2
025750,105268452.0,266804784.0,0.71,0.62,1.54,237.76,155.69
025770,6555426.0,130146232.0,14.23,6.75,13.38,192.91,124.35
025870,8897026.0,47548154.0,0.47,1.46,3.51,255.13,125.22
025880,16083615.0,110047372.0,2.99,2.18,4.35,192.7,143.47
025890,2477317.0,76068479.0,3.98,5.92,6.52,106.68,1951.48
025900,366035603.0,1351084658.0,0.47,0.06,0.12,149.17,48.21
025950,2217208.0,83865787.0,103.54,2.86,3.83,134.92,343.5
026040,40000.0,96326673.0,7.09,8.15,15.02,175.53,169.11
026150,6449625.0,146271100.0,0.38,1.1,1.92,185.77,138.14
026890,5627936.0,155192733.0,12.08,10.07,15.15,121.83,200.93
026910,7785451.0,53523073.0,1.83,2.09,4.07,185.6,183.46
026940,1300995.0,140117868.0,16.14,4.29,5.96,134.03,327.82
026960,48222082.0,1026959381.0,63452.26,12.68,14.21,110.05,893.49
027580,7668245.0,176295657.0,2.2,4.7,15.18,272.93,90.73
027710,78917154.0,750442485.0,1.21,2.31,12.64,322.48,81.37
028050,430720450.0,5673553365.0,37.25,9.66,34.94,286.62,117.83
028080,11053495.0,242902792.0,9.86,2.02,2.15,100.68,181.79
028100,8439774.0,226247530.0,13.09,3.67,6.06,167.34,199.06
028150,8671982.0,1055810471.0,389.23,10.53,16.54,153.8,205.91
028260,1773815094.0,6642285245.0,3.15,2.24,3.71,174.33,68.6
029460,5027973.0,238289794.0,48.33,4.58,5.51,111.29,485.97
029530,35367780.0,969970671.0,208.54,5.33,6.14,108.71,900.66
029960,3696106.0,83764683.0,5910.45,12.34,14.19,115.01,404.52
030000,52803472.0,1994709278.0,368.74,5.23,14.04,181.2,134.51
030190,6518597.0,145391145.0,25953.04,8.12,11.74,134.82,212.59
030200,10073167000.0,34557908000.0,2.56,3.32,8.58,223.3,93.35
030350,15540000.0,120608960.0,152907.74,-6.49,-10.43,171.23,55.35
030530,55700998.0,477887297.0,7.34,3.68,5.55,150.76,250.22
030720,28952042.0,108844409.0,0.78,1.5,3.61,232.43,205.74
030960,3505614.0,89121564.0,4.98,3.22,4.61,143.1,52.74
031330,4432195.0,224389894.0,3.69,4.42,21.45,398.24,106.93
031390,1022142.0,72489773.0,3.56,-17.07,-26.24,102.25,175.1
031430,32789440.0,621283475.0,14.44,8.54,12.8,152.54,139.26
031440,6745761.0,264221547.0,19323.75,10.8,14.6,130.12,236.01
031510,74989565.0,284572765.0,2.06,3.41,10.9,296.76,107.83
031820,2838370.0,119691215.0,3.58,5.65,12.68,233.59,158.16
031980,9215681.0,157196774.0,3467.98,7.73,8.93,108.19,658.86
032080,1567941.0,103244216.0,1.87,3.99,6.35,138.68,276.68
032190,205438817.0,5050868966.0,13.92,1.47,6.28,228.62,211.04
032280,29172184.0,105960625.0,1.1,0.21,0.75,384.64,46.42
032350,4349940.0,142825011.0,0.14,-43.79,-163.25,2259.33,15.5
032500,28374169.0,235095722.0,5.46,16.97,122.14,421.47,83.91
032540,9039404.0,97698875.0,231.35,4.06,4.88,117.73,509.19
032560,9459105.0,244484777.0,3.82,2.44,3.77,137.35,168.2
032580,3524564.0,50837535.0,8.23,3.83,7.57,170.45,184.13
032620,3793798.0,61509860.0,129.26,0.15,0.18,123.85,333.27
032640,3802734000.0,11088697000.0,0.6,-0.54,-1.57,295.92,72.73
032680,68520.0,15466424.0,1.35,-4.44,-6.81,173.93,168.81
032750,7808809.0,76497227.0,7.01,4.11,8.38,152.58,94.62
032850,12280870.0,54048278.0,1.54,0.65,1.15,176.7,177.15
032940,4394693.0,99130032.0,0.66,-9.25,-29.79,295.62,49.45
032960,2827343.0,59541847.0,839.85,10.58,12.93,114.44,1041.2
033100,3478255.0,43608149.0,4.09,1.94,2.56,131.04,317.73
033160,2975965.0,262403288.0,2.76,2.53,6.99,208.91,132.99
033170,17685022.0,286152540.0,8.17,5.91,9.4,151.93,51.18
033180,1045488.0,88648355.0,5.32,3.93,6.21,163.06,163.95
033230,5146199.0,150107143.0,1.17,1.73,5.9,252.04,127.56
033240,22670301.0,313933005.0,53.34,15.89,24.71,142.65,235.52
033250,22598788.0,91725421.0,3.1,5.19,15.08,252.3,94.03
033270,19516732.0,187577461.0,21.73,9.15,13.28,140.16,269.45
033310,1575507.0,55697448.0,1.33,7.7,23.88,248.28,40.84
033340,9262170.0,117343841.0,3.13,1.42,2.17,144.97,305.9
033500,8403930.0,296666646.0,1.89,4.01,14.55,400.21,75.01
033530,33570880.0,669607298.0,15.65,6.92,15.49,163.07,129.87
033540,4472698.0,82902759.0,33.97,0.68,0.93,132.64,290.79
033560,619081.0,104044988.0,301.99,3.51,3.78,105.96,1345.16
033640,109880902.0,380082061.0,4.04,4.03,9.2,179.0,109.9
033780,503821979.0,6795961304.0,101.4,11.09,14.39,120.69,360.55
033830,208938.0,99794067.0,143.76,4.29,4.6,105.65,1379.63
033920,8955551.0,376640770.0,404.94,9.82,13.14,127.54,123.78
034020,9609467738.0,27914286403.0,0.71,0.47,1.81,320.72,102.51
034120,57811994.0,827393202.0,9.44,3.17,4.82,150.23,188.76
034220,5009173000.0,24455511000.0,4.86,0.95,2.32,246.36,96.83
034230,91754184.0,1036636585.0,18.38,8.97,12.39,130.1,160.71
034300,103681750.0,581158877.0,1.79,0.24,0.81,362.91,67.27
034310,40876180.0,790650223.0,17.89,9.08,13.22,103.25,145.12
034590,60972847.0,367353269.0,13.67,2.81,7.35,277.32,109.24
034730,1693130991.0,5121976177.0,3.14,7.31,15.85,345.83,100.18
034940,6116993.0,65337517.0,2.03,2.43,3.19,128.2,388.46
034950,3072942.0,104074848.0,409.48,16.98,21.66,127.05,350.73
035000,4699514.0,363912590.0,45.14,3.36,11.25,102.78,138.08
035080,150764154.0,1515113225.0,3.36,2.47,5.34,117.13,139.22
035150,5815941.0,156360645.0,6.96,6.65,12.0,181.26,137.89
035200,5084265.0,32860463.0,4.16,4.0,6.88,172.88,217.44
035250,16240026.0,2906655321.0,625.19,10.9,13.23,122.33,224.82
035420,378357186.0,2927316669.0,79.87,20.54,31.28,133.08,269.44
035460,5241665.0,73234520.0,0.71,-2.36,-5.76,137.36,152.48
035600,10729489.0,446584130.0,32.97,9.9,20.68,173.44,148.07
035720,15376805.0,611869394.0,7858.9,13.09,15.7,117.49,453.9
035760,491340548.0,2393158015.0,7.52,8.64,23.61,215.04,65.76
035810,214278660.0,1472929988.0,0.55,0.69,2.93,173.52,74.12
035890,114892608.0,789889785.0,0.37,-2.13,-7.05,285.21,119.06
036000,7789401.0,93226015.0,37.95,9.44,12.9,126.43,206.06
036090,5033103.0,30837429.0,3.91,6.44,15.98,211.88,88.42
036170,1994800.0,97757567.0,0.92,9.09,16.62,165.81,138.79
036200,5844860.0,82562258.0,3.11,1.41,2.58,166.76,182.89
036420,135011973.0,514509318.0,2.32,6.26,22.79,243.97,84.34
036460,22069603448.0,40621718532.0,1.48,0.94,4.41,494.05,115.74
036480,2859942.0,25492399.0,1.18,1.71,2.26,129.19,365.2
036490,209945470.0,690651888.0,4.99,4.45,8.64,173.53,94.29
036530,216630376.0,2074903906.0,20.28,3.01,4.81,100.09,184.89
036540,269193799.0,818608388.0,0.88,-0.16,-0.49,264.21,85.69
036560,45213397.0,331207496.0,360.65,4.19,5.38,127.17,347.83
036570,60609983.0,1316825985.0,174.71,12.65,16.27,115.56,286.14
036580,41824634.0,563236982.0,2.6,4.87,12.05,242.86,114.04
036640,3702417.0,73355657.0,270.75,4.86,5.66,116.01,551.43
036670,6714659.0,53005558.0,3.18,3.58,5.73,158.42,141.52
036690,1890038.0,77308571.0,6.0,6.29,15.67,216.33,109.29
036710,126513993.0,503971499.0,6.62,4.11,10.33,234.1,119.82
036800,3446850.0,150995371.0,21.38,7.96,20.87,274.44,103.66
036810,25941872.0,93457941.0,1.64,1.35,2.94,233.59,120.43
036830,39033715.0,527373134.0,15.81,14.8,26.56,139.43,111.75
036890,116291818.0,222332290.0,5.76,1.62,7.4,352.98,229.62
037070,5822885.0,94000121.0,2.96,4.44,8.55,188.93,77.18
037230,562087.0,49578775.0,0.8,1.16,1.55,125.49,369.13
037350,8295987.0,369711660.0,45.21,11.31,37.72,169.87,139.11
037370,18992203.0,85034123.0,0.93,-1.45,-2.27,127.01,248.45
037400,68679989.0,506047692.0,2.93,1.59,2.87,128.58,152.67
037440,30735261.0,127549999.0,2.11,0.84,1.84,226.65,266.07
037460,7957664.0,87866650.0,1.84,4.34,5.98,133.46,435.99
037560,336603191.0,1555958111.0,6.35,7.29,15.5,193.71,73.82
037760,9023809.0,74504413.0,1.63,0.03,0.07,137.15,80.34
038010,30126996.0,102431222.0,2.48,2.07,6.19,310.64,75.42
038060,11809937.0,304151546.0,6.43,6.92,14.1,196.68,126.63
038070,7088006.0,56628312.0,18.81,9.58,14.12,152.07,307.26
038110,47330563.0,430150835.0,1.26,0.76,2.63,227.09,58.86
038290,17320815.0,82120144.0,3.91,4.9,7.22,157.56,385.61
038390,24322010.0,225083716.0,4.99,6.72,15.21,215.73,35.15
038460,8927867.0,69022715.0,4.09,3.18,5.97,167.74,103.61
038500,533058899.0,1475796322.0,0.54,-4.4,-13.44,291.64,61.85
038530,3351283.0,29861540.0,2.66,0.89,1.14,130.24,531.28
038540,41235621.0,404172271.0,21.72,1.1,4.58,131.8,72.36
038680,4403083.0,109116437.0,20.61,6.52,10.65,148.44,194.86
038870,64263017.0,148171959.0,2.39,2.61,12.89,218.83,109.36
038950,7199193.0,100670344.0,74.18,11.79,14.63,117.55,499.64
039010,1680143.0,38434665.0,6.72,-0.16,-0.3,165.08,161.47
039020,65538102.0,293692710.0,0.45,-0.25,-0.7,273.84,73.95
039030,1716554.0,313735994.0,23.49,9.66,14.42,146.77,135.77
039130,3078108.0,352420561.0,164.15,11.53,24.02,196.5,165.93
039240,2908567.0,117823647.0,4.48,5.29,11.11,196.06,145.61
039290,3974736.0,79150749.0,137.34,23.76,32.88,135.63,189.71
039310,6354934.0,140223436.0,9.88,9.46,18.92,178.86,127.76
039340,1199175.0,74097734.0,133.42,5.98,7.04,115.36,360.19
039420,3547292.0,38280426.0,4.55,-1.3,-1.94,147.06,127.88
039440,813738.0,49150984.0,26.85,8.31,15.71,177.26,123.23
039560,37046662.0,213555241.0,3.12,-5.01,-8.32,128.09,235.41
039570,16027140.0,132813177.0,9.02,9.06,19.1,237.3,71.38
039610,13244687.0,66839825.0,22.58,9.05,14.09,152.72,474.02
039740,4903983.0,109261921.0,0.74,0.25,0.43,177.03,147.28
039830,33870505.0,166289767.0,2.43,2.96,7.27,176.05,89.69
039840,42711888.0,102649079.0,1.11,-3.87,-8.64,227.38,333.88
039980,647478.0,76326479.0,95.91,9.53,15.06,167.39,202.92
040300,81353325.0,345795789.0,2.74,1.44,2.82,196.25,51.37
040420,2460692.0,70912753.0,14688.67,12.93,15.3,116.38,294.64
040610,138274036.0,943499695.0,3.07,1.8,3.47,109.77,146.4
040910,9788289.0,117738562.0,43.07,7.34,10.27,120.62,707.91
041020,2628631.0,90080443.0,7.41,2.81,3.68,114.68,487.91
041140,6432565.0,90566532.0,8926.27,18.07,23.66,124.05,545.95
041440,11625000.0,227883930.0,5.4,6.1,12.64,183.9,155.88
041510,4508469.0,322844435.0,35.37,14.98,21.83,125.28,233.78
041520,3944200.0,239413990.0,58.84,7.89,15.98,166.35,165.33
041590,2400675.0,36448968.0,5.81,15.93,28.89,168.38,180.57
041650,41405586.0,233901216.0,4.37,4.66,12.74,224.11,109.99
041910,19542984.0,103882943.0,12.18,11.0,18.1,171.16,204.7
041930,2987053.0,120961701.0,5.06,6.47,16.84,203.81,106.04
041960,25796311.0,76977313.0,0.59,1.43,2.53,190.82,297.58
042110,2005177.0,71276885.0,13.89,-0.02,-0.02,119.41,338.1
042370,11622918.0,91326941.0,1.45,3.44,6.12,177.4,174.91
042420,79481363.0,667667166.0,21.81,2.01,3.71,110.33,157.52
042500,423751.0,61800568.0,14.61,7.08,16.87,215.37,179.43
042510,1712211.0,29495923.0,2.81,12.88,34.29,268.8,145.37
042600,16347372.0,84738713.0,4.17,-0.74,-1.25,148.75,151.42
042670,4997112666.0,11544990462.0,0.95,3.38,14.86,315.63,109.12
042700,7706427.0,230991973.0,85.9,11.21,13.85,121.92,316.91
043090,672030.0,23374638.0,1.61,-19.89,-49.67,257.14,99.82
043150,20708330.0,199976304.0,4.4,2.85,6.55,198.61,142.26
043340,4797251.0,64694064.0,0.34,-8.12,-46.13,332.76,96.03
043360,3511750.0,60169523.0,0.23,1.46,1.66,114.5,840.59
043370,46117813.0,640523876.0,13.38,6.34,11.94,159.06,127.24
043590,4903565.0,76730309.0,5.62,5.76,11.95,184.08,95.59
043610,18428646.0,73049967.0,4.45,-4.21,-7.07,182.79,312.0
043650,5259737.0,209729554.0,175.14,3.06,3.39,109.8,631.95
043710,2748400.0,18045904.0,60.28,8.21,12.1,157.57,342.89
044060,7367821.0,42015945.0,15.61,1.9,2.53,135.68,413.31
044180,517311.0,23718000.0,1.6,-39.96,-119.9,233.0,109.7
044340,3027827.0,104011846.0,3.52,4.96,8.76,140.85,162.64
044450,137163029.0,309112196.0,3.27,4.29,9.49,224.98,46.88
044480,55095.0,29135466.0,18.55,4.88,5.62,108.28,569.72
044490,37339699.0,664287280.0,1.56,1.17,1.81,143.19,249.33
044780,1762271.0,59739593.0,12.97,11.56,19.57,161.16,200.04
044820,50432755.0,241673476.0,5.68,10.13,31.67,265.39,108.06
044960,565900.0,21387510.0,8.0,3.31,4.29,132.13,245.0
045060,6726783.0,87569098.0,3.68,3.05,5.82,166.24,135.54
045100,17013693.0,217758968.0,7.14,3.54,7.71,223.51,108.13
045390,13249609.0,90180192.0,9.36,3.45,5.07,141.97,295.43
045510,4082711.0,61642002.0,1.02,0.85,2.96,308.28,95.4
045520,2209034.0,38875115.0,2.22,3.14,7.31,216.81,122.49
045660,3743584.0,76443164.0,40.04,9.76,14.42,139.4,173.26
045970,13180597.0,238163639.0,0.87,2.49,5.76,100.77,133.67
046070,42818745.0,208783472.0,1.25,1.66,7.17,389.96,62.25
046110,858405.0,43771299.0,14.41,5.6,8.03,139.88,192.37
046120,1996401.0,35030395.0,5.21,0.9,1.17,130.91,215.36
046310,5075329.0,77532850.0,1.42,2.78,6.29,228.57,144.58
046440,15888662.0,262909180.0,16.25,7.18,17.43,241.8,152.81
046890,184511207.0,1143435092.0,1.63,0.68,1.16,142.36,130.54
046940,2534206.0,122344926.0,1.17,-0.77,-1.92,238.77,93.87
046970,4855980.0,48363136.0,5.76,6.18,8.46,117.31,1190.94
047040,2291478755.0,9859319181.0,2.55,1.79,5.07,275.57,161.58
047050,1426916132.0,7465637546.0,0.94,2.63,10.51,329.23,111.86
047080,9077892.0,43674650.0,2.14,-0.51,-1.44,242.18,100.64
047310,6518943.0,260032006.0,2.15,5.75,15.78,200.2,108.82
047400,19219366.0,143208299.0,5.12,3.03,4.84,157.49,166.26
047810,432448760.0,1892522284.0,6.52,4.06,8.54,213.09,206.5
047920,5176468.0,14040192.0,4.26,7.12,37.25,441.44,143.52
048260,14602759.0,271526388.0,4.4,1.45,5.85,268.72,102.46
048430,8468511.0,102312138.0,15.97,12.3,23.23,176.99,127.03
048830,8319047.0,39235205.0,2.48,2.57,4.93,182.87,181.47
048910,13351186.0,99157665.0,1.36,-1.68,-2.51,136.69,224.54
049070,20867513.0,540807275.0,63.45,11.49,17.95,143.25,148.42
049080,14525154.0,79689040.0,7.98,18.03,53.98,301.49,67.86
049180,7557135.0,82585710.0,1.19,-0.2,-0.39,151.03,186.3
049430,2967063.0,95687089.0,51.08,7.5,9.37,116.37,304.24
049480,4910373.0,77485402.0,4.18,4.54,8.57,132.12,148.58
049520,1754105.0,133086633.0,85.64,4.8,6.01,116.54,295.46
049550,22934617.0,104605085.0,1.78,1.85,5.11,264.86,102.17
049630,84814170.0,161755994.0,0.25,-4.02,-17.32,435.13,116.7
049720,564097.0,20051534.0,171.61,4.45,7.04,150.1,175.12
049770,200414329.0,967287072.0,2.77,2.26,5.4,197.0,148.17
049800,26195018.0,180500797.0,4.78,4.0,9.6,227.17,115.66
049830,5886819.0,136936693.0,68.11,4.84,6.25,127.19,321.38
049950,6085042.0,111468183.0,12.43,11.98,19.63,154.1,196.25
050090,23282841.0,109056458.0,0.71,7.54,20.86,200.44,56.88
050110,15476572.0,157732692.0,3.1,-3.65,-6.8,187.13,123.88
050120,1618983.0,46281660.0,1.72,-0.71,-0.91,112.02,472.77
050540,2323224.0,78268498.0,6.08,4.15,6.29,151.24,81.39
050760,9172273.0,109663026.0,2.62,1.51,3.25,215.09,114.69
050860,1524211.0,95783742.0,17.89,5.65,7.36,122.69,441.62
050890,36721113.0,178027640.0,2.25,3.02,9.39,310.49,116.75
051360,823041.0,133298477.0,6.41,5.21,12.31,220.33,127.09
051370,54407245.0,875293531.0,8.66,7.96,19.77,291.45,99.78
051380,230200.0,30732966.0,18.82,4.32,8.0,168.55,231.38
051390,8062989.0,86569285.0,40.43,4.95,5.77,123.4,626.41
051490,11807722.0,139476516.0,7.08,4.53,8.9,178.5,139.84
051500,70057370.0,650519363.0,3.73,2.16,9.59,443.61,80.48
051630,3962642.0,40559494.0,268.36,6.32,10.2,159.54,102.39
051900,552682609.0,2764135538.0,13.52,12.16,26.76,210.56,84.25
051910,1477786000.0,16581153000.0,26.17,9.45,14.72,144.94,171.81
051980,5887827.0,68996819.0,3.81,5.39,8.98,137.05,224.97
052260,36240594.0,147064069.0,15.02,7.34,10.45,145.95,546.58
052330,3548256.0,171072138.0,534.23,10.29,12.14,114.3,628.76
052400,13242599.0,195436465.0,5.6,9.79,19.28,163.0,127.35
052600,653942.0,46215846.0,3.31,1.1,1.6,143.08,206.71
052670,1471090.0,23485363.0,28.93,4.8,6.51,144.82,280.12
052690,41487897.0,861882138.0,1069.67,16.77,33.34,202.33,161.64
052710,39155099.0,295923893.0,2.67,3.45,8.39,249.76,73.85
052770,1168465.0,35296797.0,0.27,-6.9,-27.78,214.93,86.38
052790,5756865.0,225833789.0,16.9,5.56,10.37,217.61,78.03
053030,12488075.0,143800524.0,0.07,-6.35,-9.55,152.91,139.97
053050,33328090.0,119020272.0,3.58,3.28,9.21,277.96,62.76
053060,20105936.0,93156349.0,0.96,0.7,2.61,452.16,57.87
053160,1110520.0,35648675.0,41.31,8.87,10.68,118.42,453.69
053210,94470082.0,637337095.0,12.95,9.46,17.34,179.21,153.18
053260,2896193.0,128350997.0,27.15,6.66,9.74,139.67,288.04
053270,8890768.0,161163024.0,1.29,1.05,4.45,373.49,57.4
053280,10190440.0,139130166.0,76704.04,5.61,12.69,230.69,128.18
053290,1585866.0,50189633.0,3453.59,0.14,0.18,133.25,253.69
053350,43722013.0,226674264.0,6.36,4.49,8.45,115.07,143.39
053450,21765248.0,159406886.0,8.41,10.87,19.45,181.69,133.81
053580,4238136.0,29957527.0,4.35,4.17,12.79,460.43,97.96
053610,1385473.0,90058880.0,662.9,17.66,20.92,114.68,348.46
053620,5166630.0,156933563.0,83.92,5.21,7.02,136.35,191.05
053660,41171323.0,395221418.0,0.93,0.41,0.86,197.44,131.13
053690,26293221.0,140808581.0,3.25,2.99,8.48,203.89,185.63
053700,18530548.0,159630155.0,4.8,2.72,8.0,326.51,107.6
053800,3284354.0,184885607.0,8529.88,7.86,10.4,128.67,246.58
053950,2943529.0,78921985.0,1.23,0.01,0.02,323.41,79.1
053980,14455886.0,74311568.0,12.07,5.92,10.08,177.06,124.32
054040,582159.0,106839059.0,123.4,5.81,9.06,153.05,194.25
054050,2188541.0,163646180.0,5494.63,11.78,13.26,107.73,625.12
054090,25719133.0,184033478.0,1.99,3.99,9.41,219.66,124.25
054180,1824503.0,48355990.0,1.95,-13.85,-52.52,510.32,8.87
054210,55314191.0,374659292.0,1.99,1.85,6.42,225.46,104.35
054220,7087488.0,136641049.0,3.06,0.74,1.54,199.8,113.87
054300,563064.0,26500555.0,1.01,-2.83,-15.12,439.14,106.25
054410,5668936.0,50076757.0,1.3,-3.97,-8.8,235.41,46.33
054540,12752625.0,149049767.0,2.6,3.29,6.64,172.35,137.18
054620,17027326.0,205510005.0,5.9,4.72,13.33,232.98,126.75
054670,12648768.0,126789442.0,1.02,-4.36,-7.79,186.09,120.07
054800,52685317.0,500439853.0,12.01,6.58,8.4,118.65,398.25
054920,9500000.0,90325217.0,47.5,2.63,3.92,178.72,52.11
054940,3890153.0,101135001.0,0.44,-2.45,-5.25,221.5,115.84
054950,1661755.0,163606906.0,4.5,3.73,8.88,208.05,88.13
055490,2116908.0,82951023.0,47.97,18.41,27.2,145.97,156.65
056190,22565961.0,578497795.0,1488.53,12.39,19.55,156.39,239.9
056360,379393.0,67803461.0,20.68,4.33,4.94,112.97,324.3
056700,44411152.0,258358879.0,1.21,-4.2,-16.2,340.46,84.62
057030,2252796.0,93023486.0,4.82,3.97,5.96,146.07,155.14
057050,16562488.0,1306359201.0,34.05,8.5,11.28,134.03,189.06
058220,2018296.0,91097389.0,41.73,8.28,24.28,361.84,133.03
058530,7411767.0,38682471.0,0.93,-8.72,-20.16,224.5,135.77
058610,13759928.0,122628309.0,2.86,1.3,2.58,196.46,151.44
058630,14379573.0,117598231.0,0.19,-1.92,-3.45,163.92,72.16
058650,783280193.0,4008794418.0,5.08,3.22,5.84,122.89,154.67
058730,474051.0,89424962.0,17.63,7.87,11.62,141.12,218.35
058850,1750704.0,181146569.0,875.94,10.06,14.84,147.68,249.99
058860,5286373.0,177525579.0,424.5,10.4,14.87,142.75,296.14
059090,42990955.0,155496949.0,1.96,2.67,8.63,229.29,77.38
059120,1776910.0,22201747.0,11.72,13.87,25.86,177.51,163.11
059210,19517113.0,103430144.0,2.68,2.82,5.55,168.17,54.36
060230,11364680.0,53804549.0,0.69,5.58,58.5,610.33,44.46
060240,2161716.0,24405970.0,3.67,3.54,14.36,289.14,108.13
060250,1030398.0,70065811.0,102.41,6.98,16.78,233.08,124.69
060260,889578.0,25218851.0,1.06,1.27,2.38,170.46,144.56
060310,8645638.0,67660583.0,1.2,1.19,1.81,141.58,173.72
060370,5494939.0,109787421.0,23.28,6.71,9.71,129.54,177.32
060560,11245412.0,138437982.0,0.71,3.37,5.03,143.27,160.99
060590,10584206.0,125363773.0,5.68,7.48,15.26,186.05,155.36
060720,42932157.0,404287963.0,1.77,-0.83,-1.67,134.15,127.08
060900,6740032.0,94593671.0,0.39,1.86,7.14,300.95,97.15
060980,956437010.0,4034737026.0,8.04,4.34,10.88,213.62,128.13
061040,6659386.0,211170615.0,21.8,12.71,28.98,153.23,132.0
061250,6559502.0,113139294.0,8.78,4.78,6.67,137.65,312.02
061970,59631755.0,211791006.0,4.45,6.46,13.92,228.96,99.14
062860,461163.0,186782463.0,5.89,3.64,6.11,122.66,83.93
062970,3618363.0,29059775.0,4.18,5.59,9.6,174.81,179.26
063080,2171679.0,99383970.0,675.74,25.29,28.19,109.32,1013.42
063160,19887220.0,185424863.0,7.09,3.7,5.84,149.36,192.04
063170,1550591.0,68497346.0,3.86,3.0,4.14,130.52,343.62
063570,2882309.0,128990884.0,4.58,2.99,4.98,162.49,127.32
064290,8807253.0,50137824.0,6.55,6.78,10.77,168.8,291.17
064350,1036204929.0,3670359832.0,2.85,2.76,8.69,299.52,136.2
064480,656488.0,36974500.0,241.55,16.14,21.11,131.39,358.41
064510,21112492.0,71913897.0,6.67,8.78,19.23,223.54,171.53
064520,26688106.0,90478042.0,2.38,-7.22,-32.69,466.97,111.49
064820,19472940.0,184397072.0,0.12,1.28,2.2,176.28,107.42
064960,94937185.0,895055890.0,11.79,1.75,3.23,174.93,146.45
065060,1609052.0,147669180.0,6.95,3.18,4.81,149.26,189.19
065130,6404484.0,196271492.0,1.36,1.27,2.07,145.96,111.3
065150,3663397.0,72703751.0,11.37,3.55,12.9,306.83,51.22
065170,1693001.0,71220042.0,1.08,-3.45,-6.99,126.31,96.68
065350,53132300.0,256116546.0,2.29,1.13,3.19,184.72,87.47
065370,3300000.0,10677129.0,6.03,4.82,9.34,188.03,222.48
065420,13746423.0,51080770.0,0.22,-1.39,-2.43,128.12,176.15
065500,2094641.0,33952262.0,0.77,0.68,3.56,474.08,79.94
065510,2989030.0,83869333.0,30.33,15.52,20.16,131.59,238.48
065530,39383844.0,201165665.0,2.9,5.33,18.63,361.86,88.77
065690,5602774.0,97057594.0,6.79,0.77,0.95,122.79,399.79
065710,345319.0,51146072.0,6.47,1.72,1.89,109.11,898.59
065950,13872188.0,267803405.0,6.0,5.56,11.86,195.75,124.0
066310,1075906.0,48920571.0,189.17,4.48,4.95,109.46,874.93
066570,7546011000.0,34766050000.0,2.82,0.3,0.8,237.78,112.36
066590,5982183.0,126829994.0,0.39,-0.86,-4.37,361.24,63.13
066620,1006212.0,92877548.0,1895.68,8.89,14.56,159.35,216.7
066670,20298070.0,183976284.0,17.95,10.86,20.97,205.74,146.93
066790,9699038.0,116574549.0,0.14,-0.33,-0.86,195.49,36.72
066830,2181346.0,13904924.0,1.67,2.83,5.84,195.07,119.25
066900,51190734.0,219424832.0,5.25,9.99,33.89,319.9,49.74
066910,85000.0,70854564.0,0.93,-0.08,-0.18,230.84,113.9
066970,36745229.0,142804996.0,0.88,0.52,1.42,185.69,108.71
067000,2379671.0,82236957.0,92.8,9.81,11.9,119.02,516.41
067010,749210.0,44420975.0,37.65,8.6,12.25,148.46,283.52
067080,27706964.0,130189208.0,3.17,2.67,6.01,174.34,158.63
067160,15396458.0,56622824.0,1.08,3.54,6.9,176.77,273.12
067170,37299449.0,276081487.0,1.34,0.28,0.73,195.41,130.54
067290,3144892.0,115247973.0,0.18,-2.14,-4.58,178.88,64.95
067370,500000.0,4175260.0,6.73,12.36,18.15,147.58,263.61
067570,20815393.0,286178471.0,7.88,6.79,23.41,244.69,93.6
067830,53416833.0,502882801.0,3.24,3.51,6.98,187.62,30.66
067900,21432665.0,105980265.0,4.49,4.11,6.56,155.27,88.72
067920,13363635.0,62955973.0,7.3,6.87,9.03,147.29,693.56
067990,34042865.0,138044135.0,1.27,3.11,11.94,407.56,80.0
068050,12902529.0,67585338.0,2.1,0.23,0.38,170.72,140.5
068240,9797788.0,83808765.0,3.48,6.37,12.94,193.55,163.62
068270,266195532.0,1732913897.0,11.62,11.11,17.89,164.59,138.57
068290,7909974.0,123614819.0,8.33,5.24,6.93,114.57,181.97
068330,3488144.0,28325122.0,12.93,5.35,7.21,129.34,348.97
068400,235582275.0,682227219.0,1.66,2.68,12.22,404.61,20.99
068760,64988815.0,331043843.0,5.73,1.3,2.49,211.29,131.47
068940,2699672.0,40251306.0,27.17,14.1,19.64,133.96,357.56
069080,17252864.0,159021106.0,6.69,1.53,2.08,121.96,393.4
069110,4523344.0,12406078.0,0.83,1.69,2.47,164.04,3759.04
069260,169832631.0,771018336.0,9.7,7.04,11.39,160.2,269.7
069330,5271868.0,63027900.0,25.87,23.15,37.58,162.88,85.87
069460,25021956.0,143805043.0,0.82,1.7,6.5,286.87,97.06
069510,5909689.0,133039103.0,60.67,6.66,10.84,146.51,242.17
069540,2075715.0,48365400.0,39.01,12.18,16.99,155.81,265.68
069620,17889829.0,482344106.0,50.15,6.83,8.95,124.07,295.11
069640,986964.0,173129321.0,24.41,5.33,7.04,125.79,322.95
069960,918481741.0,5400075749.0,30.7,7.2,11.89,163.44,101.78
070960,390449896.0,775253435.0,3.53,1.51,4.41,283.18,57.4
071090,37859704.0,251434733.0,1.09,0.82,1.62,185.54,107.09
071280,3642005.0,52551300.0,2.03,1.55,2.07,128.11,323.28
071320,2531606702.0,4892422214.0,2.55,3.06,9.99,290.77,79.93
071460,50917331.0,234515120.0,6.73,4.95,30.35,485.43,105.75
071840,336035609.0,2603494002.0,2.38,2.59,4.79,176.4,50.89
071850,36311980.0,184758266.0,2.85,3.6,10.45,243.18,109.67
071950,6601620.0,103422937.0,1.01,0.33,0.83,244.54,128.64
071970,181525365.0,1733547814.0,1.64,-8.56,-42.26,520.32,60.28
072020,1890973.0,50817284.0,133.58,9.38,10.38,115.18,401.02
072470,16477221.0,172838588.0,3.2,4.06,12.64,319.47,122.92
072520,3411013.0,128209663.0,2.87,1.56,3.53,196.68,106.12
072710,74251215.0,968293002.0,4.17,1.55,2.18,111.02,76.2
072770,3958772.0,20495197.0,3.46,0.83,1.72,213.71,217.3
072870,13037190.0,465252554.0,1039.12,11.84,15.04,118.46,255.73
072950,1105112.0,38345841.0,213.76,8.26,9.57,111.93,848.35
072990,6199088.0,22722916.0,6.89,9.96,26.05,239.51,126.26
073010,6940031.0,84401756.0,2.54,0.47,0.58,123.01,606.77
073070,2155057.0,51324720.0,7.38,7.91,11.07,130.88,255.8
073110,10917880.0,152344155.0,4.16,5.99,11.66,177.96,117.19
073240,1586382154.0,4781013149.0,2.0,2.69,17.42,317.93,78.79
073490,4135986.0,91267625.0,154.7,10.96,13.28,113.58,553.64
073640,8472020.0,140365792.0,0.97,2.04,4.98,239.58,68.91
074600,19558438.0,154935311.0,5.04,3.04,5.94,189.03,99.03
075130,751706.0,78252001.0,16.46,10.34,11.42,103.69,508.09
075180,10475857.0,180692123.0,92.91,6.21,8.41,119.92,297.41
075580,152699722.0,409654463.0,1.01,-2.15,-7.64,404.79,88.32
075970,22760819.0,156072223.0,2.77,0.62,1.36,200.83,110.99
076080,869805.0,163953292.0,62.72,11.21,21.32,144.96,158.3
076340,5000000.0,37249860.0,29.95,8.65,11.16,124.12,607.71
076610,30033883.0,81596140.0,4.64,7.75,46.8,484.22,87.72
077360,2179539.0,198525741.0,645.55,23.93,26.11,108.74,647.74
077500,13204003.0,187396014.0,33.98,11.13,17.47,157.75,191.84
077970,602834935.0,3213865730.0,0.46,-1.76,-6.08,280.15,124.19
078070,2145969.0,166806032.0,125.1,9.46,11.13,116.32,393.49
078130,29627800.0,220027962.0,0.27,-2.62,-14.52,286.04,98.5
078140,1489844.0,46546290.0,123.49,7.73,9.18,115.53,545.04
078150,18029078.0,61514740.0,3.79,-19.04,-73.28,480.05,61.12
078340,1138191.0,100424365.0,1549.1,23.29,25.39,108.8,567.93
078520,7145477.0,235227820.0,59469.94,19.84,31.59,152.87,236.5
078590,4740563.0,16765329.0,1.56,5.02,12.34,243.7,166.76
078600,18192052.0,116114699.0,2.76,3.91,10.42,242.44,79.82
078650,15539725.0,102962815.0,1.28,2.01,8.09,350.29,61.23
078860,6865934.0,16634320.0,5.26,3.48,8.06,255.33,462.58
078890,10454151.0,151904186.0,2.2,3.35,8.41,270.81,140.15
078930,3191236000.0,12712426000.0,4.88,4.95,8.21,115.67,104.17
078940,2313719.0,38617725.0,0.18,-10.44,-28.66,247.94,21.07
079160,345845489.0,1007974719.0,2.43,5.66,16.77,252.27,91.53
079370,10290372.0,161576654.0,3.23,1.77,3.07,128.78,204.53
079430,29478073.0,326931020.0,1.9,1.08,1.93,166.61,150.67
079550,192449209.0,1110145034.0,3.14,2.39,8.29,395.73,79.21
079810,241077.0,31971403.0,3.79,3.1,3.86,121.15,449.93
079940,11440920.0,85244515.0,15.43,12.54,17.51,166.2,215.35
079960,3294004.0,215052019.0,48.09,5.07,9.43,149.21,175.67
079970,272422.0,24691488.0,1975.06,13.51,17.27,123.51,364.95
079980,15973381.0,825460304.0,10.43,6.5,17.32,206.79,102.73
080010,33000.0,60566147.0,40.14,3.95,4.32,106.39,726.21
080160,9683994.0,148778611.0,371.5,12.41,22.38,174.92,210.36
080420,8368592.0,105565770.0,17.35,13.86,18.66,127.89,426.24
080470,14962275.0,93098541.0,7.16,9.85,19.41,154.5,129.01
080520,2039255.0,93682183.0,58.66,9.69,11.32,112.62,668.6
080720,3396692.0,34216075.0,7.81,12.94,32.49,228.36,158.5
081000,16759100.0,134388811.0,6.27,6.2,12.01,175.77,133.73
081150,43796150.0,135006585.0,3.55,2.16,5.28,257.36,180.13
081580,4220038.0,90361423.0,13.93,5.26,7.88,134.97,178.86
081660,218426557.0,862009181.0,5.7,14.37,35.04,193.95,119.41
082210,19449760.0,189789338.0,3.86,5.5,12.52,188.32,108.09
082660,10216244.0,113926933.0,1.68,0.86,2.82,282.85,70.13
082740,320673053.0,1786202789.0,7.04,9.93,28.81,259.58,89.32
082800,15583324.0,67757809.0,5.92,1.76,3.97,243.29,201.76
082850,49917123.0,439734968.0,2.83,0.67,1.29,102.13,150.52
082920,764206.0,68636471.0,515.22,11.28,12.94,113.66,432.2
083310,2583771.0,64785349.0,1852.59,7.7,9.42,118.68,370.7
083420,10409558.0,158667057.0,42.37,8.11,12.39,160.99,139.53
083450,1820793.0,53824618.0,25.45,13.16,22.02,146.95,197.65
083470,878643.0,59842249.0,2.96,4.61,14.9,195.94,95.83
083500,9889061.0,34852568.0,2.19,2.77,6.24,209.49,202.47
083550,7039815.0,101651897.0,2.15,2.74,4.53,147.84,190.16
083640,640585.0,34496647.0,12.53,3.69,5.38,127.81,235.29
083650,149381825.0,586250781.0,2.38,5.01,20.4,426.98,122.53
084010,119906341.0,778837588.0,2.0,3.94,8.95,195.98,125.71
084110,32525584.0,185518366.0,4.43,4.04,8.21,170.01,167.58
084180,2759209.0,45763186.0,2.57,4.21,9.21,201.83,67.06
084440,2723891.0,19196941.0,0.45,-1.83,-6.49,370.68,62.67
084670,14718082.0,209135730.0,2.32,2.75,5.6,187.05,32.17
084690,375260213.0,1978239055.0,4.08,7.12,14.56,105.72,116.83
084730,21341327.0,163042118.0,5.36,3.13,4.81,158.22,293.58
084850,582497.0,73322916.0,0.97,0.46,1.13,242.37,70.23
084870,94522953.0,429555750.0,2.99,3.79,8.35,180.67,207.07
085310,60393895.0,414667374.0,0.13,-2.84,-7.8,199.6,99.67
085370,14502292.0,67970532.0,0.05,0.07,0.13,185.5,130.8
085660,76434558.0,525920818.0,12.43,4.68,7.54,128.68,253.56
085670,17812268.0,94612900.0,3.14,2.53,6.1,239.5,122.43
085810,15012492.0,94751485.0,1.07,5.56,13.79,256.66,173.74
085910,1799492.0,70921168.0,33.52,6.2,7.2,116.83,285.86
086040,2306505.0,44680667.0,0.47,2.58,4.81,176.84,88.54
086060,14090720.0,45775602.0,0.97,-0.25,-0.56,149.98,203.85
086220,1748096.0,39469219.0,1.14,1.01,4.68,918.08,36.28
086280,417510699.0,4257802897.0,29.88,12.31,29.18,205.98,141.9
086390,6578829.0,64987676.0,2.34,3.42,6.6,191.97,149.54
086450,9203074.0,192147872.0,286.29,11.95,16.01,130.05,383.41
086520,8537844.0,171426314.0,1.03,0.37,0.87,230.76,65.52
086670,11721659.0,72452287.0,4.97,1.62,2.86,159.46,191.65
086900,4454711.0,70534491.0,98.18,25.02,32.07,127.8,353.97
086960,3256502.0,89386497.0,597.14,12.22,15.43,123.54,485.61
087730,546887.0,12250220.0,109.89,20.74,28.6,142.05,248.83
088130,17425602.0,89876748.0,12.46,6.86,9.84,136.53,445.13
088390,14866400.0,147370057.0,5.75,9.21,18.31,193.87,123.63
088790,1998013.0,191274512.0,2.1,-2.66,-6.83,280.17,101.84
089010,32515974.0,183194327.0,4.21,7.86,22.0,222.82,133.19
089030,14953739.0,119500425.0,7.41,8.95,19.26,207.24,141.02
089140,752937.0,28408118.0,158.14,8.22,10.15,117.5,569.28
089150,842118.0,50940172.0,268.51,8.54,11.44,135.61,212.1
089230,54953092.0,246169300.0,0.42,-1.94,-7.08,384.73,68.32
089470,92547466.0,483464434.0,3.04,4.37,15.67,338.39,117.46
089530,20748378.0,174936996.0,1.26,0.24,0.48,200.37,23.21
089590,7818809.0,122528271.0,13.66,4.7,17.0,368.56,79.42
089790,1287655.0,29298389.0,22.82,3.62,6.92,146.18,207.81
089850,15276126.0,109613545.0,5.92,6.65,10.7,156.13,169.12
089890,3233769.0,44657581.0,19.96,13.22,30.58,188.22,125.15
089980,16222268.0,119965860.0,4.78,3.74,5.93,161.03,163.79
090080,18599626.0,69784966.0,1.68,-3.34,-12.18,410.36,179.74
090150,25112857.0,101573926.0,2.94,4.22,10.75,278.11,149.74
090350,158327379.0,527545682.0,2.38,0.9,2.06,234.05,138.25
090370,17654192.0,155383022.0,0.63,-16.13,-41.31,273.82,142.53
090430,265165358.0,3026192700.0,171.9,9.22,12.01,122.2,192.74
090460,25603286.0,181616994.0,5.85,8.53,21.54,223.84,113.99
090470,443309.0,49676188.0,114.39,10.47,13.08,115.95,396.37
090740,1757266.0,159787679.0,2.36,2.35,5.31,147.12,102.83
090850,483707.0,32982823.0,43.47,10.15,22.59,209.72,104.36
091090,65268305.0,367606792.0,0.9,0.15,0.49,321.59,89.42
091120,6984739.0,121429090.0,61.21,19.34,41.69,183.05,170.11
091440,2913355.0,37986110.0,4.31,2.35,3.9,161.13,221.92
091580,7221956.0,88888545.0,2.23,0.6,1.26,211.9,77.85
091700,17023447.0,435663843.0,25.89,19.45,41.93,184.24,100.71
091970,11062617.0,70349215.0,5.5,2.37,3.54,144.93,219.8
092040,4993399.0,23553292.0,21.69,23.31,35.97,148.07,418.68
092070,21776364.0,68347769.0,0.48,0.76,1.57,223.82,125.26
092190,135938180.0,333198207.0,1.16,0.6,17.93,2528.2,12.65
092200,67117782.0,546804337.0,1.24,0.61,2.01,303.72,70.82
092230,65135391.0,1224858574.0,9.63,3.63,4.94,101.12,186.4
092300,11069375.0,117287112.0,0.95,1.19,2.35,196.53,67.17
092440,1758744.0,220712407.0,109.5,7.6,8.18,108.83,685.02
092460,13967570.0,71188501.0,2.0,4.14,5.28,131.08,1054.66
092600,947732.0,77728028.0,1.97,4.41,5.04,114.91,584.45
092730,908686.0,34141789.0,28.19,1.9,2.17,114.1,482.73
092780,18808408.0,156968927.0,1.7,2.72,16.15,560.98,61.3
092870,14977898.0,52431318.0,16.49,12.4,21.65,170.15,333.87
093050,135097414.0,1208059897.0,14.69,4.77,6.68,132.89,322.66
093190,641061.0,81851062.0,58.26,15.46,18.22,113.33,589.03
093240,2983057.0,78298761.0,7.84,4.74,8.41,158.65,206.49
093380,7145553.0,70973378.0,6.85,8.83,13.88,155.96,184.42
093520,637912.0,51334756.0,16.04,9.66,16.3,179.46,194.17
093640,2948257.0,11732836.0,5.84,4.36,11.27,229.25,233.14
093920,6165440.0,134080938.0,54.23,8.29,11.43,130.27,274.55
094170,3862594.0,26303861.0,4.46,6.27,18.39,310.75,130.09
094280,5971438.0,71688635.0,7.95,6.64,17.93,257.16,70.8
094360,3598272.0,17009667.0,4.32,2.75,4.07,137.56,1122.8
094820,18933788.0,112691969.0,1.93,0.49,0.9,196.81,148.78
094840,654290.0,124570241.0,216.0,14.67,15.84,106.33,1097.24
094850,767704.0,87199000.0,2.49,10.69,18.77,172.35,154.84
094860,2105571.0,43332725.0,1.27,-5.95,-9.78,162.52,121.46
094940,402355.0,32420623.0,42.28,9.47,13.6,143.29,233.4
094970,247253.0,80476473.0,7.46,2.62,6.33,219.64,68.33
095190,26510093.0,132045679.0,0.99,3.13,7.47,221.96,88.79
095340,2086706.0,89091124.0,79.4,11.93,14.52,118.89,260.14
095500,20315660.0,344989371.0,12.08,8.28,13.69,163.35,149.73
095570,163356271.0,446549322.0,1.24,1.6,8.58,187.14,28.32
095610,2029622.0,99584848.0,4.73,1.77,2.8,174.27,130.97
095660,133181767.0,597772816.0,13.26,0.93,2.12,202.0,148.88
095720,99968642.0,573743780.0,0.33,-9.53,-22.72,264.27,112.72
095910,20392329.0,167821602.0,11.5,6.3,14.62,215.05,169.14
096240,9021685.0,98442050.0,15.06,12.55,17.26,117.15,153.28
096350,35434617.0,170772451.0,0.62,-1.48,-2.8,166.72,76.76
096530,34363039.0,83615649.0,8.86,11.23,22.02,199.38,719.28
096610,5196076.0,68834411.0,9.77,7.25,11.1,155.39,160.13
096630,5990421.0,122521356.0,3.73,2.9,7.56,206.82,122.68
096640,125400.0,337616465.0,13.41,5.11,9.24,210.9,116.55
096690,173453.0,36814530.0,25.81,3.63,4.15,109.84,461.23
096760,218790990.0,1077132172.0,0.07,-3.82,-18.35,160.89,70.99
096770,5458238140.0,33831080372.0,4.99,3.43,7.58,115.54,148.74
097230,2421253000.0,6585093000.0,0.27,-0.78,-2.97,318.65,92.89
097520,4778062.0,149267246.0,1.68,1.65,4.92,245.84,117.7
097780,7416893.0,193217168.0,92.65,15.31,28.06,175.14,147.78
097870,1505667.0,59766813.0,26.87,8.05,11.13,151.56,222.06
097950,3753488920.0,12363882660.0,3.74,2.62,6.27,235.05,99.24
098120,412000.0,31342853.0,536.17,18.56,21.55,115.08,403.27
098460,4346064.0,103351965.0,1627.45,15.99,19.89,122.51,498.93
098660,6328389.0,79453859.0,2.44,2.02,5.02,217.5,118.29
099190,11151963.0,92046142.0,19.78,10.02,13.69,134.23,293.11
099320,777143.0,47373821.0,147.28,10.11,12.41,115.68,497.27
099440,24952082.0,132542048.0,2.82,1.21,3.29,276.99,135.19
099520,8152605.0,50614189.0,1.09,0.23,0.48,206.01,143.63
099750,5280989.0,26262126.0,92.32,5.12,8.04,177.03,300.92
100030,1389370.0,33964958.0,1740.59,6.42,7.1,106.19,531.05
100090,57153896.0,256900753.0,0.89,-0.27,-1.37,457.88,28.11
100120,1001755.0,58335798.0,133.5,9.8,10.7,107.24,986.81
100130,34890801.0,282088370.0,21.23,2.35,3.05,123.36,618.71
100220,8348202.0,212784851.0,21.81,8.6,12.84,140.89,165.83
100250,83858962.0,507752899.0,4.74,2.13,3.06,100.35,178.12
100590,17613305.0,66478092.0,1.52,2.19,4.84,227.43,209.15
100660,1793196.0,60882217.0,144.98,8.89,10.87,115.91,636.06
100700,70000.0,56277534.0,49.78,9.72,11.05,108.38,651.74
100840,21052327.0,292802033.0,34.22,3.19,5.29,159.73,182.56
101060,2039172.0,816417305.0,14.32,4.61,5.69,102.0,198.02
101170,4513479.0,94077314.0,16.5,5.33,6.65,118.62,272.21
101240,5032859.0,47063372.0,3.11,4.4,7.58,175.85,137.45
101330,4351388.0,131756961.0,16.34,14.32,24.46,130.75,142.77
101360,2902306.0,29373677.0,1.13,1.22,3.29,275.54,65.45
101400,3055059.0,43461735.0,0.49,1.57,2.69,166.9,129.42
101530,292564976.0,690467693.0,2.03,3.1,13.92,441.1,76.64
101680,5838368.0,214365168.0,0.13,1.02,1.44,136.11,320.77
101930,30779317.0,200011447.0,5.21,3.87,6.01,157.65,146.83
102120,2896245.0,70065518.0,34.28,8.9,11.37,120.77,316.64
102210,11377519.0,150666204.0,7.47,5.66,8.76,152.27,244.16
102260,98218401.0,724028327.0,3.67,4.6,10.82,130.1,101.29
102280,8351897.0,120929435.0,2.82,2.78,4.58,149.93,217.96
102460,2870736.0,156922678.0,185.42,11.67,14.66,124.19,396.58
102710,5606558.0,157446133.0,27.53,9.49,14.88,155.78,125.67
102940,45547536.0,192295576.0,13.43,11.06,21.0,180.22,193.16
103140,740849011.0,2633201040.0,2.22,2.35,6.46,224.71,146.56
103230,4286414.0,85865763.0,0.44,2.83,4.79,155.94,125.16
103660,8106239.0,28266590.0,1.22,0.54,1.46,273.29,103.05
103840,7305897.0,42762443.0,2.01,3.91,13.68,358.09,107.81
104040,930664.0,39181978.0,16.88,9.22,15.16,147.61,189.54
104460,1913051.0,74578040.0,24.05,2.29,3.24,140.31,269.44
104540,10034152.0,38847831.0,1.29,1.37,6.49,192.25,244.75
104700,26351538.0,936810385.0,15.0,1.89,2.73,137.6,200.58
104830,4466240.0,152110292.0,129.08,14.05,16.69,116.81,487.04
105550,12389836.0,30149775.0,1.15,2.89,17.65,637.19,81.2
105630,49571460.0,585712033.0,10.03,9.57,24.87,209.15,131.82
105740,5165149.0,82285786.0,26.51,10.1,13.93,129.22,335.39
105840,3618654.0,133952023.0,28.43,6.3,7.77,119.24,388.49
106080,2845856.0,47465224.0,24.55,8.59,11.95,124.76,225.78
106240,17599440.0,339471818.0,4.11,4.71,15.61,220.64,81.46
106520,10711941.0,91233934.0,11.2,10.99,25.23,204.91,141.2
107590,4429023.0,147898036.0,417.9,20.95,26.71,122.79,376.48
107640,14484893.0,62789872.0,1.54,2.46,9.78,416.41,95.53
108230,8419660.0,163595407.0,27.62,5.6,8.69,163.03,175.54
108380,1686003.0,152609528.0,153.69,9.71,13.17,131.7,199.47
108490,599442.0,11900667.0,8.1,17.23,28.95,153.78,191.46
108670,377827000.0,1778034000.0,2.72,1.53,3.94,202.63,134.26
108790,42312870.0,357664733.0,5.22,3.59,16.92,336.65,91.41
108860,1948250.0,41738307.0,146.71,-12.67,-14.94,117.27,620.16
109080,4430296.0,30337848.0,37.81,11.75,14.7,127.39,975.32
109610,22834881.0,92380999.0,2.14,2.42,9.75,311.82,96.1
109860,6556820.0,108198749.0,111.04,15.92,20.87,123.24,292.98
110020,7422822.0,21908584.0,1.28,0.51,0.77,159.03,2319.04
110790,16732684.0,90673984.0,2.11,3.48,13.8,398.02,101.4
110990,233020.0,117230679.0,85.92,10.79,21.37,180.01,163.48
111110,11500000.0,79901043.0,4.5,7.34,18.8,242.01,198.02
111710,6228639.0,98248497.0,7.44,6.88,8.69,118.97,9.64
111770,162772725.0,998520921.0,48.79,14.29,20.94,153.24,327.68
111820,6888747.0,42336584.0,16.69,9.25,12.76,133.22,1118.98
112240,273962.0,80853240.0,8.43,6.31,9.25,144.74,253.72
112610,16214356.0,280432095.0,2.17,4.56,12.56,181.23,93.07
113810,13503835.0,78779991.0,2.25,3.82,11.16,234.32,126.62
114090,8142160.0,502672156.0,517.04,32.78,52.12,151.67,220.83
114190,169864.0,89258208.0,58.37,12.03,29.17,247.2,151.93
114450,1507384.0,74742651.0,6.69,3.32,3.95,122.78,331.0
114570,6835966.0,29186717.0,0.22,-14.19,-30.69,158.25,519.4
114630,2751600.0,71467035.0,18.21,7.01,8.75,125.5,483.74
114810,12233342.0,69019113.0,4.97,8.48,22.52,276.58,42.6
114920,1895841.0,58086199.0,5.36,6.12,12.24,203.78,147.55
115160,31768892.0,717361645.0,4.58,1.85,3.43,162.87,196.51
115390,30804659.0,757905434.0,16.18,8.09,10.43,124.95,285.29
115440,28645.0,45073312.0,110.42,10.93,14.21,128.69,407.26
115480,2480525.0,44927816.0,16.92,5.03,6.19,123.53,451.19
115500,127586.0,20447253.0,254.78,8.54,10.79,119.74,593.01
115530,6536031.0,66696668.0,7.41,8.12,14.62,178.45,109.52
115570,8402002.0,199041588.0,0.45,-8.03,-24.88,189.83,70.55
115960,23800381.0,150650049.0,6.01,8.83,20.86,208.04,96.17
116100,3752123.0,33778201.0,2.31,3.95,10.58,276.04,59.84
117580,99071332.0,644594045.0,3.45,2.09,4.8,240.09,99.95
117670,3709000.0,41210785.0,13.51,7.48,11.24,147.34,290.78
117730,5801530.0,19365682.0,1.95,4.45,15.63,342.98,109.46
118990,779463.0,34746201.0,55.86,42.49,101.6,222.51,151.67
119500,9099572.0,60004853.0,3.04,8.0,13.0,161.75,129.41
119610,4203627.0,59556227.0,47.68,16.29,20.27,127.5,298.27
119650,15864086.0,235466546.0,33.81,8.01,24.61,321.93,129.14
119850,5970317.0,61778865.0,3.44,6.4,17.92,274.58,116.71
119860,2854062.0,52264218.0,444.5,10.76,11.73,111.53,1510.02
120110,1088142179.0,4628342099.0,3.32,3.63,9.32,235.65,121.83
120240,3222937.0,68188733.0,54.88,5.26,6.6,121.69,409.52
120780,4451951.0,25609994.0,1.66,3.91,14.97,371.4,49.23
121060,2035602.0,40004262.0,2.53,2.34,13.96,774.18,112.14
121440,1379519.0,540922890.0,31.08,15.96,19.29,124.72,208.99
121800,3596209.0,52647596.0,67.25,16.17,19.9,119.56,596.15
121850,5178174.0,45898891.0,15.21,13.03,21.19,135.22,256.4
122310,997400.0,22640272.0,2.51,6.06,15.41,249.32,98.55
122350,16240982.0,168606251.0,3.81,6.97,22.63,208.94,37.24
122450,19587584.0,106403460.0,53.71,12.28,16.64,118.92,351.89
122640,7723834.0,36327480.0,0.68,0.58,1.15,174.3,165.01
122690,91805108.0,611944184.0,1.57,0.9,2.99,176.84,69.37
122900,7689036.0,683328318.0,150684.32,6.19,12.78,213.0,177.04
122990,6649779.0,122036528.0,5.41,7.4,16.51,202.9,86.53
123040,289260115.0,590932275.0,0.21,-5.41,-47.26,382.67,97.49
123330,663930.0,60066261.0,420.56,9.56,11.44,111.96,496.52
123410,18362737.0,177968439.0,7.57,11.28,30.65,224.03,123.93
123420,3449672.0,15465913.0,29.76,80.11,196.49,202.42,341.77
123570,3453968.0,54780693.0,338.91,10.15,17.59,173.85,216.01
123700,6938517.0,158572694.0,44.59,11.04,14.68,127.86,372.95
123750,1965190.0,64110797.0,3.71,5.42,8.94,141.5,171.89
123840,2736410.0,40634204.0,25.71,22.24,48.32,235.09,106.93
124560,6070000.0,56107845.0,3.02,2.96,19.16,706.26,72.64
125210,5862505.0,41080147.0,1.21,0.95,2.66,234.8,58.95
126340,8372651.0,23590295.0,1.85,2.13,5.89,304.14,118.6
126560,23644995.0,584124356.0,21.03,9.45,12.0,104.5,262.34
126600,203866.0,53792911.0,21.4,11.4,16.43,137.53,246.57
126640,6177847.0,108519466.0,26.47,5.82,8.51,146.82,122.32
126700,2247664.0,73049945.0,63.35,29.77,40.72,132.04,391.85
126870,11212455.0,56478920.0,5.1,5.27,10.45,172.43,285.12
126880,9253987.0,150141342.0,6.0,5.79,10.26,173.22,154.84
127120,9467108.0,30079201.0,1.77,1.7,2.97,171.49,621.2
127160,1925280.0,41834292.0,2.38,3.77,15.03,381.73,61.45
128540,6742432.0,33391945.0,4.87,7.89,26.35,336.48,119.29
128660,6716468.0,53504228.0,5.81,8.67,19.4,226.66,110.66
128940,144213746.0,835591466.0,2.73,3.54,7.3,222.31,147.81
129260,116731419.0,458749926.0,3.12,0.14,0.27,223.16,94.62
130500,3801683.0,38360473.0,10.89,7.7,17.79,180.43,108.16
130660,45993349.0,166218533.0,25.63,3.59,8.22,195.82,179.87
130740,3148107.0,52318599.0,9.66,7.47,9.87,132.54,244.47
131090,2323630.0,30428110.0,46.42,11.49,16.78,150.41,298.83
131100,20036627.0,86658960.0,0.33,-0.8,-1.36,179.18,112.11
131180,329573.0,48117303.0,422.48,7.44,7.92,106.53,1076.36
131220,7248737.0,32502792.0,4.77,4.03,7.33,181.85,226.43
131290,11188394.0,170513075.0,4.38,2.3,3.12,106.75,210.21
131390,1789830.0,60131404.0,110.55,8.87,14.7,162.86,182.63
131400,1181386.0,65583977.0,5.84,2.39,4.13,182.75,120.97
131970,36924653.0,102908277.0,4.12,8.89,22.39,261.57,60.73
133750,509089.0,39673409.0,28827.92,23.9,41.45,165.84,79.48
133820,38698959.0,203716987.0,1.45,3.2,18.14,515.26,58.12
134380,3949851.0,73859719.0,23.62,10.55,15.9,143.35,192.88
134580,2363569.0,46851350.0,810.18,19.71,30.24,146.76,357.94
134780,2978834.0,82665377.0,21.45,13.03,21.44,141.07,157.65
136490,10778613.0,269676642.0,8.3,11.85,29.9,232.07,134.56
136660,6989240.0,38972993.0,0.26,0.39,0.61,175.5,257.51
137400,909358.0,78439110.0,69.36,7.5,13.99,167.66,183.51
137940,150000.0,34121513.0,4655.9,16.0,18.13,114.26,511.41
137950,546525.0,59426517.0,2.02,4.19,6.18,132.25,142.24
138070,3734525.0,66153647.0,24.35,11.91,14.73,122.43,355.54
138080,11424395.0,40774825.0,4.68,13.23,68.53,400.39,164.99
138250,8087036.0,288565875.0,173.39,14.8,22.93,150.04,162.26
138360,486795.0,30106977.0,208.0,19.64,23.95,126.35,357.23
138490,7574482.0,208488636.0,3.02,3.84,8.58,222.63,78.73
139050,137437.0,29995021.0,19.01,3.19,4.03,128.59,270.45
139480,2657375993.0,12253991228.0,5.67,3.72,7.43,191.11,34.68
140070,9491026.0,53646142.0,7.03,12.22,27.31,219.03,193.4
140290,12178886.0,50400775.0,5.78,6.4,15.27,275.26,213.47
140520,23689717.0,285495273.0,1.25,1.35,4.07,327.45,82.04
140660,1115936.0,14886070.0,7.29,7.66,11.83,141.15,198.94
140670,13264829.0,42830683.0,1.22,2.35,8.45,341.22,154.13
140860,5303399.0,18253444.0,2.61,1.74,3.65,201.6,365.03
141000,927844.0,70611447.0,139.95,20.06,27.29,138.01,297.83
141020,3843049.0,31058586.0,9.1,12.77,28.76,210.4,148.91
141070,19472167.0,69741129.0,3.05,4.9,13.93,254.58,127.51
142210,5232029.0,15699405.0,4.96,13.02,66.0,405.54,212.53
142280,1579996.0,33618544.0,11.03,8.96,21.39,244.09,145.1
143160,899409.0,123914735.0,21.61,21.26,32.97,139.22,249.02
143210,74772950.0,476434128.0,1.16,3.07,14.62,352.0,91.72
143240,1008695.0,37418348.0,98.64,15.93,22.88,127.42,395.06
144620,3146460.0,294214139.0,2.9,1.14,1.86,147.74,162.6
144960,1198977.0,57364445.0,4.96,4.41,6.51,144.26,146.41
145020,721335.0,24624487.0,58.98,28.73,40.03,120.81,324.17
145210,53678443.0,284953104.0,3.55,8.42,20.54,202.4,92.04
145720,4633938.0,78396577.0,54.4,10.38,28.46,266.95,101.44
145990,52134391.0,826949798.0,4.61,2.99,6.45,195.01,114.34
147830,4961912.0,35606134.0,47.71,9.78,13.12,141.54,262.23
148140,7832114.0,37237001.0,4.01,0.75,2.29,324.39,99.52
148150,3017434.0,37499331.0,24.72,19.66,53.43,256.56,150.01
148250,2425406.0,11976046.0,3.82,6.79,11.62,166.74,204.18
149010,1277237.0,11605781.0,3.19,3.58,8.79,225.56,148.13
149940,1467909.0,24315327.0,26.88,5.27,7.06,116.37,869.61
149950,1974923.0,98093229.0,1660.37,20.61,24.54,114.16,421.29
150900,3786841.0,21877471.0,24.21,21.83,37.48,162.19,281.56
151860,30960478.0,170323271.0,5.1,5.68,13.0,211.72,54.22
151910,15258385.0,110797746.0,4.78,8.56,29.98,253.76,110.27
152330,27190703.0,360139754.0,13.18,7.79,13.41,168.98,95.28
153460,973076.0,33226391.0,71.34,22.05,32.23,141.22,265.42
153490,43206864.0,289890691.0,3.17,6.63,29.9,380.72,120.63
154040,9307104.0,44650778.0,8.29,17.81,63.5,328.18,124.48
155650,5136352.0,47250709.0,23.14,19.68,30.87,133.52,426.28
155660,2433940.0,144933303.0,9.59,6.32,11.51,155.27,155.44
156100,3596951.0,20326897.0,13.83,20.82,35.67,191.55,278.94
158300,2221772.0,25737138.0,7.83,1.07,2.79,226.25,152.44
158310,1014681.0,25710602.0,434.31,27.28,50.53,173.09,200.09
158430,676656.0,11008286.0,21.87,9.62,16.51,159.36,234.4
159580,1044964.0,83298434.0,22.64,10.51,32.41,307.06,136.76
159910,7836311.0,44398216.0,86.48,18.6,26.74,136.26,524.66
160980,1149040.0,21717574.0,17.55,9.71,17.47,145.21,302.84
161580,358809.0,34538768.0,21.0,24.26,63.63,271.55,92.65
166090,13844078.0,55379206.0,3.22,9.15,37.78,338.45,63.3
168330,1123170.0,15855884.0,1132.15,36.72,66.52,177.14,214.73
170030,1118997.0,57914485.0,52.7,14.65,30.25,184.0,133.57
170790,3193743.0,23077064.0,27.02,23.64,37.6,150.02,377.42
170920,10396664.0,44095056.0,14.08,24.46,49.91,182.35,235.1
171010,6196243.0,44373546.0,2.56,6.63,20.16,249.71,73.63
171090,5420402.0,36865648.0,157.45,15.88,26.79,168.02,237.94
171120,7236688.0,54760870.0,30.94,31.77,50.96,150.79,196.3
173130,425043.0,15162471.0,14.28,12.23,43.81,341.96,136.73
175140,7724398.0,40568877.0,3.77,7.83,35.03,445.31,135.61
176440,463223.0,49664981.0,9.74,13.91,80.9,414.96,78.83
176750,18293392.0,34934140.0,1.48,2.58,10.51,384.94,71.5
177350,4099368.0,30580711.0,2.62,-0.38,-0.85,234.22,158.82
177830,14352800.0,58648422.0,2.44,5.22,14.95,279.05,46.26
178320,5295501.0,32126324.0,5.23,9.64,33.22,336.32,48.59
178600,4634774.0,14950019.0,2.81,4.01,15.68,403.52,131.4
178780,6703693.0,28716106.0,8.09,11.65,37.04,361.45,85.44
178920,30010512.0,264044804.0,18.49,6.42,8.17,126.5,288.46
181340,3513557.0,19324787.0,71.23,38.77,57.49,150.91,399.81
183350,868041.0,7870738.0,24.39,15.62,30.04,200.77,229.34
183410,1017884.0,15490424.0,5.5,4.1,6.55,141.39,343.93
183490,8747787.0,32672922.0,2.53,4.31,7.62,174.71,373.57
185190,3001036.0,13799201.0,1.71,2.01,6.56,323.7,103.91
186230,3125797.0,29257424.0,2.62,2.39,5.69,236.69,76.84
187220,4137564.0,15535244.0,4.89,15.04,53.05,317.44,49.67
187790,10786845.0,41283367.0,0.98,0.28,0.81,317.53,104.35
187870,7221443.0,37895957.0,6.29,8.14,20.17,216.56,167.31
189300,8851211.0,38872396.0,4.19,4.26,8.18,190.08,240.88
189330,18914.0,354836.0,2.74,3.98,7.54,177.72,118.66
189980,7139953.0,27481223.0,7.26,14.1,39.38,272.4,89.22
191420,2758254.0,15696407.0,37.26,12.45,15.4,130.69,1422.62
192650,4378791.0,176620266.0,28.48,25.63,54.57,189.9,157.49
194370,2392212.0,51303326.0,4.79,-2.82,-4.91,126.04,75.48
195500,15580174.0,62218265.0,2.11,3.33,8.59,251.84,152.35
196700,2401529.0,23587682.0,6.76,15.01,32.39,190.14,144.84
198080,8841.0,27314278.0,3.4,3.01,9.2,399.36,104.19
199290,4053420.0,31815179.0,3.17,3.8,8.73,225.73,120.35
200130,2842325.0,53705837.0,99.02,25.82,44.69,183.37,142.68
200470,19754092.0,75990537.0,0.0,-3.0,-6.5,218.68,33.86
200670,6649398.0,17325613.0,2.53,3.24,9.71,314.77,174.19
203450,2389931.0,16643256.0,6.87,3.99,6.75,167.61,274.57
203690,250000.0,6580074.0,0.74,-5.83,-10.72,194.85,115.84
204270,31401827.0,163196869.0,1.91,6.1,12.72,214.58,78.62
204990,1924407.0,15458586.0,8.6,3.95,8.04,189.08,189.6
205100,758660.0,14570559.0,78.6,15.58,23.29,148.95,273.68
206640,213134.0,20139447.0,112.24,32.93,41.79,113.12,655.46
207490,1005184.0,8551278.0,0.08,-4.31,-21.45,478.6,88.96
208140,15969620.0,58172113.0,1.63,0.92,3.3,403.24,59.78
208370,600374.0,15265031.0,114.6,12.15,13.22,106.82,2006.24
208890,4000000.0,7755564.0,74.66,13.42,52.98,305.38,235.17
210980,114166206.0,285322125.0,519.93,2.22,6.29,316.03,290.04
212560,11662346.0,68175620.0,1.23,2.59,13.38,489.69,38.02
214320,19408072.0,831688759.0,137734.77,9.72,32.53,224.87,147.36
214330,317415.0,76273435.0,14.69,4.95,8.39,178.11,164.73
214390,19652331.0,119939786.0,9.56,12.22,30.84,223.25,136.66
214420,10094437.0,60999486.0,37.51,23.38,84.01,292.48,117.76
214430,4130780.0,28182882.0,10.17,6.3,10.21,161.77,186.25
214680,5963730.0,18591283.0,3.23,8.76,16.77,268.97,211.92
216050,329184.0,93102224.0,71.03,3.33,7.77,251.4,140.83
217190,5354049.0,15728047.0,2.23,1.27,5.06,455.41,122.29
218150,42065.0,20293605.0,211.22,11.14,17.66,169.34,220.27
220180,2778970.0,51642568.0,12.64,4.58,10.03,195.17,173.59
220260,84262.0,12570875.0,10.27,10.87,17.64,155.74,150.74
221840,9039153.0,27480986.0,3.08,5.81,14.19,259.37,115.78
222040,2169864.0,21952771.0,5.09,5.99,17.95,288.94,56.76
222080,106418.0,32933219.0,136.91,15.27,27.75,137.49,249.91
222420,3977749.0,34539394.0,5.41,4.06,7.56,198.45,172.43
222810,1332644.0,12675760.0,9.41,6.26,11.42,177.63,146.8
222980,3031431.0,19977771.0,4.66,6.01,15.2,242.84,87.43
224020,7556362.0,15698505.0,1.87,1.53,5.54,387.9,44.01
224760,1251668.0,19327203.0,69.41,14.61,22.84,142.03,187.29
224810,224241.0,15672002.0,13.09,6.32,8.7,127.4,338.96
225530,3688923.0,26411082.0,3.18,4.97,26.53,551.99,41.17
226320,303702.0,10267930.0,236.26,22.95,144.51,386.08,97.3
226350,570246.0,15652643.0,1.02,0.28,0.39,143.72,165.38
226360,3223658.0,14649794.0,17.98,12.86,23.2,159.89,250.12
226440,4396246.0,16162382.0,2.3,1.12,3.13,265.3,159.6
227950,2203088.0,15858707.0,1.25,0.94,3.33,338.62,62.16
228850,3851935.0,48317519.0,11.18,6.36,12.83,193.24,169.64
230240,1773360.0,76708223.0,9.55,11.1,23.18,187.7,139.81
232680,3598175.0,10501111.0,0.82,5.38,18.08,241.19,147.79
234070,4988624.0,19188271.0,1.92,14.0,68.02,436.42,59.33
234080,18102266.0,156058578.0,1.57,2.13,5.26,224.95,33.69
234100,722855.0,17726984.0,2.62,4.44,9.33,199.7,167.74
237690,5253519.0,109646951.0,2.57,4.81,11.46,235.11,84.27
237750,910563.0,23667548.0,12.3,3.32,6.21,184.77,129.38
238090,6271618.0,18060211.0,4.17,5.7,15.8,262.54,183.06
238490,10203250.0,29700657.0,7.91,11.8,30.3,227.15,128.29
241690,10179121.0,23091814.0,3.2,5.53,12.72,258.64,213.79
241710,5099392.0,36372249.0,6.76,8.06,23.27,268.28,90.68
241770,8685889.0,25139845.0,5.11,4.69,9.54,200.99,292.75
242040,1937026.0,10327310.0,0.92,0.27,1.62,601.78,134.64
243840,6667859.0,40783541.0,5.26,3.69,5.66,163.16,124.86
243870,541451.0,17639378.0,57.92,9.64,10.88,111.48,878.42
250930,2743753.0,24209263.0,2.23,9.51,22.89,233.46,93.61
251370,14462749.0,38487522.0,7.1,14.83,42.84,259.49,173.07
251970,6537900.0,28500994.0,5.3,9.25,32.85,325.86,92.13
252500,1022561.0,19154581.0,9.31,3.95,6.61,181.18,140.56
253590,4531510.0,13056059.0,10.5,8.29,17.54,182.06,834.87
254120,1068097.0,11627010.0,4.56,6.68,14.24,228.35,136.43
255440,4230313.0,43550471.0,17.57,10.51,17.8,173.46,191.11
256630,11230726.0,36835961.0,1.04,0.66,1.13,176.97,225.09
258790,1314345.0,13792060.0,2.16,8.01,90.95,837.54,80.59
260660,8316662.0,34478725.0,1.53,2.15,7.7,352.46,78.47
260970,2251429.0,21379894.0,32.45,13.88,27.07,199.25,176.81
263020,1619180.0,11885222.0,6.16,7.05,14.55,184.7,77.43
263800,649012.0,13331625.0,5.64,4.76,8.75,166.04,177.27
263810,785869.0,20392861.0,3.68,4.52,13.7,300.75,98.43
264660,318932.0,10269979.0,0.68,1.82,8.09,331.55,48.13
265560,4559148.0,26102748.0,15.15,14.75,31.06,190.45,199.38
267850,2837974.0,167926605.0,657.97,4.71,12.44,233.38,146.62
272110,1689222.0,28629099.0,1.78,5.48,24.92,393.26,82.62
272450,18352160.0,70147813.0,4.95,15.09,112.56,526.69,111.86
277410,3515475.0,16489751.0,1.7,2.54,5.83,231.42,100.64
278280,2928226.0,28034970.0,52.3,33.02,44.31,123.8,509.28
290380,3306779.0,16415078.0,6.63,6.42,13.31,212.25,219.23
290510,11309819.0,57945295.0,3.24,5.71,11.31,197.34,77.75
293480,16341294.0,75336809.0,3.32,2.22,11.73,379.0,84.79
297090,8470704.0,51550084.0,1.04,0.23,0.75,317.02,51.9
306620,9182741.0,26665547.0,4.0,8.93,19.06,214.25,432.1
307950,9749502.0,447487549.0,141.12,10.12,24.78,237.47,154.06
308170,73300521.0,192888934.0,1.2,2.09,21.21,910.71,89.06
313760,9067585.0,23313216.0,3.18,5.4,19.58,327.59,122.9
317400,1722560.0,30518563.0,3.8,0.7,1.12,154.3,223.87
317830,1555911.0,18823437.0,6.76,7.51,17.79,244.4,106.11
317850,4533021.0,37842318.0,37.19,12.95,20.82,154.89,249.89
318000,4760666.0,12077341.0,2.33,6.86,32.84,431.61,125.43
900100,4304752.0,45058644.0,0.06,-1.29,-4.67,319.41,109.36
950110,509925.0,126398485.0,334.77,6.37,27.48,121.09,135.72
950130,1858458.0,29091369.0,9.05,27.09,55.32,133.67,307.96
