기업코드,비유동부채,자산총계,이자보상배율,ROA,ROE,총자산_총자본,유동비율
000020,15561801.0,316165541.0,5.37,0.32,0.45,139.14,159.13
000050,525335254.0,1296989142.0,2.58,1.11,2.32,183.97,76.48
000070,315864808.0,2595067569.0,0.14,-0.98,-1.58,117.37,160.65
000080,773051704.0,3553146711.0,2.85,2.24,5.67,241.44,57.08
000100,57438567.0,1513968939.0,78.27,5.93,7.16,118.29,315.19
000120,1403519499.0,4608720687.0,1.07,-1.45,-2.62,169.51,138.94
000140,973433027.0,4262180556.0,1.69,-1.19,-4.0,190.62,40.79
000150,10292711840.0,31166041855.0,1.46,0.42,1.61,166.34,104.18
000210,1452304270.0,10783047096.0,0.53,-0.09,-0.21,200.47,155.43
000220,8426451.0,96264545.0,6.87,2.09,2.73,130.4,282.14
000230,126892796.0,628214313.0,3.97,1.15,2.07,190.22,158.17
000250,6360883.0,155378650.0,17.31,5.47,7.37,131.18,291.26
000270,5121007000.0,36182040000.0,35.43,11.13,20.58,155.86,124.67
000300,29885465.0,639239249.0,2.74,1.17,6.98,243.59,141.89
000320,145046194.0,852424599.0,1.81,4.26,9.29,132.48,101.58
000390,87570404.0,475571109.0,8.64,6.48,12.35,189.65,183.19
000430,129359343.0,1168191180.0,5.65,3.5,8.05,228.96,74.21
000440,1422433.0,58030825.0,6.98,3.07,4.0,129.27,46.09
000480,246366711.0,1133127609.0,4.73,3.69,6.65,138.17,139.29
000490,84576317.0,577832578.0,1.04,-0.17,-0.43,238.39,104.67
000500,122401766.0,539789322.0,3.24,1.58,3.11,186.7,202.05
000590,11118653.0,233929444.0,529.24,5.76,6.58,105.36,592.23
000640,88310560.0,988279723.0,2.89,1.58,3.08,168.86,103.08
000660,4652200000.0,20797298000.0,13.17,14.57,25.19,150.7,216.13
000670,532188727.0,3939385519.0,10.2,5.86,8.77,125.69,156.22
000700,3912440340.0,10828841653.0,4.97,-5.96,-64.43,203.2,33.33
000720,2623048000.0,14666501000.0,10.06,3.64,10.1,255.69,159.83
000850,31386394.0,316080665.0,21.99,4.82,6.64,137.95,244.12
000860,37925243.0,460559150.0,139.34,9.17,11.58,124.12,362.26
000880,9043414763.0,113322609673.0,1.85,0.21,2.1,238.28,104.25
000890,23053798.0,212987533.0,1.35,1.07,4.95,362.14,62.37
000910,44582046.0,275516205.0,11.56,-1.44,-1.94,133.77,198.76
000950,77496389.0,525458565.0,0.74,0.0,0.0,266.54,45.75
000970,6367286.0,319386331.0,4.88,1.55,2.31,121.42,180.01
001000,1332092.0,38294722.0,2.71,2.07,5.09,243.93,28.94
001020,47454163.0,453347281.0,0.1,-2.28,-8.58,362.58,44.2
001040,7012666396.0,22123704854.0,2.42,1.48,3.8,114.23,100.41
001060,72349762.0,589368538.0,1.25,0.38,1.25,295.53,102.47
001070,25305284.0,255211371.0,0.01,0.77,2.69,304.55,76.68
001080,31436822.0,269442679.0,4.17,1.99,2.49,126.25,589.99
001120,1018197784.0,4877002582.0,2.11,0.9,2.73,210.2,124.66
001130,65264762.0,897265128.0,6.77,2.05,3.04,122.21,192.91
001140,12987843.0,98315386.0,0.4,-3.91,-12.1,342.92,67.35
001230,2348890940.0,9109804819.0,0.4,-1.28,-4.34,289.25,91.15
001250,82001672.0,700315672.0,2.91,2.12,7.4,250.36,119.28
001380,24176810.0,196480577.0,4.14,1.21,1.9,166.87,180.0
001390,116682060.0,911141519.0,3.94,2.39,6.13,181.4,139.84
001430,375273859.0,2209112063.0,6.21,4.76,7.5,155.23,210.36
001460,87260060.0,525157538.0,7.44,3.01,4.55,147.44,85.19
001530,129967440.0,994215519.0,3.85,1.54,2.62,139.43,105.71
001540,9485037.0,163242179.0,12.15,4.2,5.77,128.51,392.94
001550,8592173.0,81378985.0,1.43,1.46,5.22,264.87,98.09
001560,3490387.0,90066058.0,9.42,7.08,9.64,125.18,179.91
001570,17625659.0,147115126.0,1.61,0.52,1.58,313.69,108.21
001620,86294071.0,485294266.0,6.36,5.58,13.21,234.21,91.88
001630,16771759.0,277523653.0,13.56,85.97,148.66,107.15,190.03
001680,268302898.0,1738880015.0,6.1,6.29,15.8,205.64,110.34
001740,1449711790.0,8879374864.0,2.16,-6.07,-21.02,335.24,91.78
001780,43692523.0,441481955.0,1.18,0.09,0.28,243.34,88.43
001790,414136322.0,1570047193.0,2.21,0.65,2.38,226.33,118.7
001800,603048435.0,2973616737.0,6.92,5.7,13.37,182.99,97.01
001810,48192605.0,278109598.0,5.03,3.49,5.63,151.29,182.39
001820,10038154.0,123843987.0,4.86,0.28,0.65,227.93,95.42
001840,2739736.0,58690093.0,10.16,1.4,2.56,176.69,179.22
001880,108452538.0,680011150.0,2.45,1.31,10.82,594.41,101.31
001940,42946166.0,1377429174.0,14.97,1.44,1.77,100.8,348.98
002020,875674478.0,3775562705.0,0.73,-2.21,-9.76,181.4,85.89
002030,231192649.0,1640652768.0,13.47,3.43,4.93,117.18,194.43
002100,20354836.0,255984725.0,4.81,5.31,8.86,132.14,178.73
002140,15977833.0,148377505.0,2.54,3.2,7.38,231.44,120.02
002150,52356600.0,337616482.0,2.52,1.61,2.52,154.38,187.45
002170,9881979.0,273467742.0,4.29,1.27,1.59,128.2,346.31
002200,33582721.0,279964685.0,49.05,4.07,5.19,127.59,243.69
002220,33361160.0,315044201.0,0.53,1.34,2.54,184.91,79.44
002230,8443921.0,133918376.0,1.12,21.02,27.9,132.14,499.49
002240,192304763.0,1823962847.0,8.46,2.02,2.9,133.89,157.16
002270,151222241.0,1128642534.0,12.96,11.25,16.49,146.12,195.88
002300,49375952.0,706468336.0,2.55,1.23,1.67,133.31,184.98
002310,87351178.0,715453347.0,4.48,3.24,5.34,127.72,146.2
002320,623393100.0,1807382069.0,1.16,-0.46,-1.14,243.28,64.61
002350,807681086.0,2299812618.0,4.74,5.7,16.78,244.88,105.73
002360,5758644.0,110488951.0,5.3,4.3,6.85,157.61,168.09
002380,1374638007.0,7051729096.0,9.54,3.59,4.95,136.53,345.23
002390,53419998.0,473529212.0,4.11,2.71,4.23,161.09,162.78
002450,39591402.0,344769973.0,2.22,13.81,28.32,171.47,197.21
002460,99128430.0,419481129.0,26.65,4.0,7.14,176.63,239.61
002600,8851756.0,118038382.0,9.53,3.76,4.79,121.11,518.58
002620,28526759.0,396097415.0,1.82,0.12,0.2,166.71,183.63
002690,5829436.0,121886226.0,11.33,2.93,3.9,123.76,332.07
002700,1848470.0,60282503.0,14.66,11.64,22.62,175.96,137.03
002720,28015348.0,117430860.0,0.75,1.44,2.94,199.3,226.18
002760,6138152.0,49687810.0,7.04,1.45,1.85,126.59,404.82
002790,368617759.0,4921856148.0,149.6,7.52,9.41,103.3,240.92
002800,4374106.0,38911352.0,2.77,2.73,6.14,222.09,145.69
002810,19106678.0,274354559.0,1341.79,7.66,9.29,122.37,466.92
002820,76898494.0,519216425.0,1.01,0.51,0.94,158.84,132.73
002840,34945449.0,226444664.0,11.09,7.36,12.67,143.13,164.43
002880,66720731.0,438652143.0,2.35,2.11,8.64,371.56,63.06
002900,81903964.0,336812212.0,2.07,-0.43,-1.03,215.41,182.87
002920,46997079.0,353659805.0,16.01,6.93,10.09,143.52,261.62
002990,273180841.0,1766377953.0,1.09,2.85,62.76,1583.56,71.28
003000,11268889.0,228213314.0,78.59,8.2,9.83,113.54,913.68
003010,12636273.0,228890084.0,0.17,-2.81,-6.81,217.82,99.94
003030,260822387.0,1995560542.0,10.97,5.79,11.09,161.57,155.77
003070,559046409.0,2439992829.0,0.31,-2.92,-18.13,583.08,97.9
003090,68342082.0,898471403.0,50.36,8.78,11.43,105.74,308.3
003100,82111430.0,456697995.0,18.12,2.4,3.28,139.71,126.37
003120,40259220.0,372659356.0,63.39,2.1,2.48,115.47,1432.97
003160,24355051.0,184476587.0,2.66,1.43,2.41,141.63,197.62
003200,73611314.0,776197124.0,92.79,4.33,5.21,114.85,559.79
003220,11794784.0,160139939.0,123.27,7.96,10.36,129.36,333.31
003230,23727213.0,298570234.0,5.05,1.14,2.07,180.25,78.68
003240,199375244.0,3994992553.0,6.36,2.89,4.31,129.62,134.79
003280,167881064.0,571060118.0,1.15,3.29,12.97,387.38,71.73
003300,427650192.0,2143445649.0,5.43,3.88,6.39,156.19,168.11
003310,10380442.0,81336945.0,2.21,1.42,2.58,177.69,112.44
003380,306024534.0,2770985724.0,3.14,4.69,12.91,146.17,98.41
003410,508483851.0,3074311199.0,1.72,1.42,3.76,237.0,42.08
003480,837386000.0,2531518000.0,2.08,-3.37,-6.61,101.2,82.97
003520,27491148.0,169334044.0,5.83,7.09,12.14,165.29,212.09
003550,1785209000.0,16550177000.0,14.74,5.13,7.03,103.72,139.48
003570,87869111.0,935742233.0,42.38,2.16,3.08,136.08,240.79
003610,13409538.0,280836279.0,1.62,0.53,0.86,137.35,178.28
003650,1134918.0,206853939.0,195.39,8.51,9.98,113.84,582.35
003670,48337341.0,630406330.0,700.57,9.91,13.64,131.03,257.05
003680,59158971.0,209621483.0,1.2,1.24,3.59,302.37,117.14
003780,3409432.0,38791830.0,133.9,8.25,10.12,117.66,480.94
003850,17712811.0,267559994.0,11.49,5.23,9.24,167.25,172.61
003960,33737520.0,353654050.0,2.52,-0.12,-0.3,200.28,81.04
004020,9659486605.0,29520275370.0,3.02,2.68,6.08,220.06,97.96
004080,11400991.0,129289616.0,1.53,1.0,1.74,159.52,138.65
004090,30292885.0,230020630.0,3.88,3.45,7.15,171.28,122.06
004100,42105482.0,364458391.0,1.45,0.39,1.63,319.12,82.59
004140,151875678.0,656235281.0,0.56,-2.82,-13.12,388.73,62.36
004150,1224836338.0,2960941639.0,0.63,0.3,1.03,212.99,76.43
004170,2810095430.0,7499974642.0,3.41,2.69,6.04,236.81,36.32
004200,454726522.0,823442841.0,2.85,-0.35,-2.55,691.23,218.61
004250,57279579.0,305246755.0,4.43,9.23,17.41,176.48,126.73
004270,20263893.0,200078722.0,0.39,-0.35,-0.93,209.12,61.65
004310,5546666.0,143402728.0,2.25,1.0,1.45,141.69,219.62
004360,106918929.0,900651214.0,3.64,3.25,4.67,139.44,114.26
004370,111277132.0,2215391017.0,35.3,3.98,5.84,141.32,156.33
004380,18522007.0,205688020.0,11.53,8.5,13.93,157.72,168.13
004410,12655277.0,49510239.0,1.8,1.45,2.96,195.1,107.68
004430,213344000.0,866022000.0,2.26,2.65,7.73,272.59,106.16
004440,76086000.0,323495936.0,8.84,5.0,11.26,210.29,100.0
004450,11881376.0,134967814.0,36.16,5.65,7.03,125.56,247.9
004490,12916011.0,870157611.0,62.85,8.53,11.36,134.27,305.13
004540,84550827.0,449967450.0,4.69,3.68,10.89,252.42,64.74
004560,132397874.0,626576633.0,5.17,4.73,10.53,211.87,164.73
004590,6563758.0,82758626.0,8.27,3.26,4.14,116.54,310.72
004650,24522022.0,291589003.0,3.2,9.59,24.31,138.37,73.75
004690,859769410.0,2747656135.0,3.52,1.46,3.41,210.45,141.44
004700,1626037.0,193032480.0,17.06,5.92,7.56,124.33,288.64
004780,19677353.0,129035330.0,5.99,1.61,3.35,210.41,168.81
004800,3786780114.0,13593412883.0,2.2,-1.73,-8.31,303.37,57.39
004830,5897631.0,102990690.0,6.61,4.32,7.23,157.62,196.61
004840,27283468.0,567066429.0,5.73,6.46,13.83,144.13,113.6
004870,20238055.0,74942426.0,2.58,10.91,23.01,128.28,53.78
004890,3573541.0,360063581.0,105.32,2.58,3.02,117.46,470.77
004910,14146663.0,226436953.0,4.87,5.29,8.91,169.9,118.48
004960,199327497.0,1547299126.0,1.51,0.17,0.82,475.82,113.42
004970,32392081.0,501893858.0,16.74,5.19,6.49,120.87,395.91
004980,229967599.0,1144285222.0,1.1,0.3,0.99,325.65,58.17
004990,974441023.0,4432215356.0,6.21,1.3,1.91,145.28,159.78
005010,39897000.0,561572715.0,5.51,1.11,1.56,135.83,192.66
005090,267435144.0,766651288.0,1.18,1.28,3.54,276.95,95.16
005110,6605721.0,37693959.0,7.94,2.4,3.99,130.11,270.98
005160,170717287.0,765167806.0,2.51,1.84,3.34,180.59,182.88
005180,25007718.0,564293685.0,192.19,6.83,8.37,120.75,419.58
005190,9017939.0,135279424.0,3.58,4.08,7.41,155.41,128.97
005250,198111988.0,1624124363.0,14.14,5.26,7.8,135.09,191.13
005290,98072982.0,621098749.0,1.15,0.63,2.79,313.24,54.33
005300,874711690.0,3958498274.0,7.55,2.69,4.41,158.57,118.52
005320,6322809.0,73040609.0,3.64,5.78,32.29,675.8,94.81
005380,44919008000.0,133421479000.0,24.37,7.05,17.21,137.57,118.04
005390,50632704.0,628654912.0,0.79,0.02,0.05,269.21,100.28
005430,67556370.0,371858216.0,2.81,-3.08,-4.77,152.72,202.51
005440,254017153.0,1922094478.0,91.89,4.91,6.66,126.75,235.92
005490,18392217818.0,84455406685.0,4.56,1.66,3.07,128.2,156.44
005500,19730171.0,203945576.0,15.68,3.86,6.98,180.51,184.41
005610,69093399.0,554470820.0,3.9,4.01,11.81,231.87,64.37
005670,10321060.0,96755693.0,2.94,1.38,3.04,192.99,98.45
005680,6793506.0,466995272.0,253.26,2.79,2.99,105.66,1150.57
005710,20725471.0,323968616.0,52.24,9.08,18.27,165.41,165.85
005720,66759696.0,787194782.0,26.31,9.16,12.34,130.63,108.49
005740,299222122.0,1091834196.0,2.38,1.83,8.39,211.39,55.59
005750,50713508.0,253188281.0,0.42,-1.2,-2.11,171.75,118.99
005800,15808268.0,303347615.0,52.41,3.81,4.31,112.85,641.45
005810,37750040.0,631124272.0,22.41,5.68,6.84,109.28,219.82
005820,10538938.0,126914249.0,6.08,6.74,9.88,136.27,247.97
005850,80583298.0,1218226519.0,5.01,6.74,12.12,129.01,131.66
005860,14768472.0,142713675.0,1.23,0.66,1.75,243.8,97.22
005870,28193519.0,132765608.0,0.09,-0.69,-1.48,218.14,111.08
005880,488634687.0,1222386257.0,0.8,29.06,329.44,302.79,58.84
005930,12743599000.0,214075018000.0,72.18,15.42,22.45,126.52,215.84
005990,95365602.0,724238997.0,5.36,3.4,6.8,195.49,156.13
006040,345372218.0,1277961029.0,4.59,6.31,13.83,154.46,203.26
006050,4500174.0,63108054.0,2.35,1.55,2.07,136.17,204.36
006060,44164499.0,473000945.0,0.84,-1.38,-5.24,252.66,84.33
006090,25924523.0,172567839.0,0.34,2.42,5.67,227.21,76.45
006110,30643801.0,190726675.0,0.89,0.21,0.34,174.44,159.26
006120,1389510117.0,4860277787.0,3.12,0.16,0.44,249.55,134.59
006140,3486177.0,100765509.0,60.34,9.42,11.8,122.14,365.08
006260,2708944000.0,10006806000.0,1.86,1.64,5.6,105.2,122.62
006280,55872406.0,1104264801.0,44.02,7.0,9.45,126.43,268.42
006340,17669217.0,222652611.0,2.37,1.57,4.7,280.31,122.1
006370,35394004.0,640060609.0,24.59,0.88,1.4,121.72,161.96
006570,27664142.0,254173374.0,0.23,-2.86,-5.38,177.7,115.05
006580,27774500.0,204626070.0,1.6,1.99,3.81,183.01,56.55
006620,15793703.0,72439906.0,1.26,0.02,0.1,388.58,92.34
006650,266553093.0,1354531211.0,1.68,3.48,5.97,172.98,156.13
006660,10879288.0,250646872.0,5.54,5.38,7.83,118.64,291.38
006730,293539123.0,816609915.0,0.9,-2.47,-4.84,197.94,39.66
006740,7742383.0,118120457.0,8.03,3.08,3.62,115.72,664.41
006840,388200753.0,2374994472.0,3.29,6.3,18.91,124.11,51.97
006880,33184054.0,233289897.0,21.88,4.49,6.66,117.35,203.31
006890,3799846.0,101276656.0,68.24,4.36,5.09,114.39,352.78
006910,5170037.0,92473550.0,0.65,-1.97,-5.11,257.08,91.03
006920,5474148.0,60752764.0,6.5,4.91,15.27,214.59,82.26
006980,8698154.0,271093005.0,1.94,1.06,1.75,154.6,190.27
007070,785804778.0,2880089786.0,3.58,4.11,7.58,175.21,146.44
007110,9891264.0,82370066.0,2.61,0.41,0.59,147.3,153.37
007160,271349291.0,1458790805.0,1.0,-0.81,-2.69,262.51,74.95
007210,38704442.0,398397733.0,5.75,2.64,4.63,173.56,168.36
007280,51614778.0,532912158.0,0.0,-2.03,-9.72,497.47,60.49
007310,172818729.0,1206220350.0,25.81,8.0,13.18,161.61,171.52
007340,25655881.0,798296716.0,32.32,6.35,8.39,121.55,209.17
007370,5027786.0,74128644.0,1198.0,5.84,7.26,125.61,436.42
007390,570104.0,23016530.0,1.54,-14.67,-36.18,213.68,91.07
007530,22073603.0,99846852.0,2.34,2.43,7.92,310.82,65.89
007540,14382276.0,243776745.0,4.4,3.06,5.23,164.37,109.49
007570,68105161.0,398383754.0,0.86,1.02,2.17,219.53,88.67
007590,10822163.0,153398804.0,39.86,4.1,5.48,133.88,413.02
007610,9172980.0,128582447.0,6.09,1.25,1.88,169.79,145.86
007660,90853911.0,467565657.0,7.44,8.26,17.77,158.87,158.02
007680,123029822.0,656082388.0,2.21,0.54,1.67,278.94,164.73
007690,81813036.0,590442007.0,14.0,5.52,8.97,143.97,235.35
007700,37910904.0,277792560.0,183.79,3.42,4.81,157.97,185.99
007720,1476369.0,96728928.0,194.97,5.65,7.49,102.7,347.15
007770,9894525.0,103680029.0,2.97,0.26,0.33,116.07,400.89
007810,35121175.0,551207964.0,14.59,6.71,9.97,140.71,136.37
007820,2277543.0,77000419.0,59.03,6.88,11.2,168.54,198.36
007860,214994901.0,1909609095.0,13.73,5.98,16.64,193.05,106.16
007980,133979311.0,567236761.0,2.02,0.6,2.16,270.18,126.23
008040,172257412.0,722690818.0,0.05,-1.89,-8.11,305.47,67.76
008060,16336745.0,530573221.0,1447.51,1.55,1.95,123.74,302.55
008250,130052236.0,382494365.0,2.78,2.86,7.87,260.99,125.41
008260,30131746.0,153991972.0,5.5,5.03,11.31,223.69,99.16
008290,5449341.0,55570521.0,1.43,-0.29,-0.72,242.16,109.69
008350,35985943.0,237576875.0,3.16,4.07,14.61,335.43,89.05
008370,3142419.0,79572676.0,37.85,5.69,7.24,121.69,309.45
008420,5941763.0,119792029.0,3.17,3.81,5.66,142.84,207.02
008490,130381695.0,466545008.0,2.92,2.97,6.62,213.31,141.12
008500,8752731.0,70202818.0,11.4,2.54,3.69,137.55,352.33
008600,7985902.0,242724623.0,2.33,-1.4,-2.75,138.4,150.07
008700,10065663.0,125501318.0,0.39,3.3,5.84,133.41,151.47
008730,60098158.0,522867533.0,23.43,5.68,8.82,163.96,137.29
008770,600971283.0,1712070637.0,3.23,0.66,1.58,251.33,163.95
008800,2977289.0,63908708.0,1.09,1.14,2.21,168.18,158.77
008830,19360564.0,133982115.0,0.28,0.06,0.15,264.74,88.73
008870,39778896.0,209837389.0,3.03,0.89,1.49,173.65,147.34
008930,12520591.0,579822998.0,5.07,1.8,2.39,110.42,93.82
009070,88300074.0,304139270.0,5.27,1.36,2.73,200.12,153.81
009150,1139883945.0,7185342978.0,11.0,4.91,8.41,141.31,148.3
009160,19359442.0,361985890.0,16.58,5.89,10.11,176.77,81.19
009180,8206718.0,185908008.0,9.46,-1.36,-2.51,163.19,142.19
009200,786279761.0,2279635167.0,1.79,1.11,3.84,278.18,93.74
009240,19552036.0,506202072.0,28.85,13.9,25.62,185.91,129.11
009270,73993901.0,428995583.0,1.14,-1.65,-3.98,237.32,137.42
009290,30988008.0,425675174.0,19.33,5.4,7.88,146.39,229.64
009300,11549534.0,147045256.0,15.49,4.93,5.78,115.49,689.5
009310,23833448.0,533445139.0,2.26,2.51,14.14,194.0,323.95
009410,857771971.0,2994170059.0,2.48,1.28,3.09,265.92,130.25
009440,60283967.0,429933873.0,5.99,3.16,7.16,127.68,138.29
009450,18030323.0,354779867.0,14.4,3.4,6.13,186.68,89.68
009460,13374592.0,158442545.0,1.87,-7.43,-26.97,426.82,65.61
009470,15820337.0,133552347.0,1.26,-0.66,-2.42,434.66,94.98
009520,28667446.0,408491867.0,0.78,-3.61,-9.27,226.22,108.8
009540,7658956409.0,53204971621.0,2.48,0.29,0.77,206.23,110.32
009580,312638238.0,1231080132.0,2.91,2.45,5.32,215.07,93.01
009620,29275888.0,217500043.0,0.15,3.65,17.05,892.6,62.3
009680,29761534.0,456090969.0,101.85,4.45,5.28,111.44,1075.32
009730,610981.0,55048901.0,1.87,1.69,5.41,281.71,93.73
009770,7145651.0,181329867.0,105.9,7.58,8.99,118.93,430.36
009780,16879211.0,113920963.0,2.9,2.9,8.52,273.16,86.96
009830,3953340746.0,12807062090.0,0.44,-0.63,-1.76,193.09,101.65
009970,191752344.0,1616649995.0,57.95,10.72,14.93,108.4,388.94
010040,35570866.0,197446456.0,6.05,3.72,7.51,204.22,103.17
010100,39012947.0,611838947.0,2.74,1.55,3.66,246.55,120.86
010120,652774682.0,2101280444.0,6.29,5.53,12.92,217.39,237.25
010130,305634803.0,5120964733.0,76.69,9.0,10.89,112.3,522.14
010140,2137675724.0,17427146525.0,71.08,3.71,11.36,294.45,113.48
010170,25532375.0,183762058.0,0.18,-17.12,-31.86,180.7,93.03
010240,14350866.0,84044788.0,3.66,3.75,7.43,186.19,160.53
010280,2834678.0,113415107.0,9.47,2.59,6.75,240.98,161.56
010400,636607.0,49989130.0,1317.05,4.96,7.03,144.31,245.55
010420,7395293.0,130493729.0,7.06,1.48,4.47,329.07,119.78
010600,936974.0,61228213.0,3.26,3.91,6.27,120.6,233.47
010640,2368705.0,23509502.0,20.44,5.36,7.56,142.87,165.55
010660,3645086.0,173810242.0,256.69,5.0,7.35,142.14,204.8
010690,134787735.0,781630816.0,10.21,0.2,0.46,149.26,133.1
010770,128350992.0,563167943.0,0.55,0.97,3.19,181.91,99.74
010780,205192268.0,1022389795.0,2.98,2.12,5.55,212.1,128.82
010820,17864194.0,147578857.0,3.58,1.23,2.54,213.43,106.98
010950,681905000.0,11920735000.0,6.83,2.37,5.4,222.73,134.46
010960,8776264.0,203003798.0,17.31,2.56,4.34,162.5,159.4
011040,4745772.0,200386087.0,181.88,9.48,11.44,116.16,397.45
011070,1635007179.0,4581270749.0,1.33,0.33,1.2,349.02,123.17
011080,1452288.0,52991916.0,2.57,2.64,5.62,189.75,160.31
011090,11579260.0,107777389.0,2.83,3.04,7.88,246.86,134.4
011150,5100409.0,81266483.0,15.23,7.76,15.35,182.52,100.87
011170,1464199290.0,10687663571.0,5.53,2.71,4.62,152.84,157.54
011210,1013736783.0,4860454999.0,15.66,9.01,20.27,195.95,180.34
011280,86020915.0,568149736.0,3.53,2.57,4.01,156.12,73.82
011300,41036277.0,288273860.0,0.46,1.47,4.05,159.6,103.58
011320,18115761.0,159687674.0,8.3,10.45,26.82,244.48,113.12
011370,33230523.0,204912870.0,20.31,8.26,17.41,223.36,207.31
011390,15433107.0,114234080.0,6.09,7.07,18.32,141.17,84.94
011420,2639947.0,37636664.0,1.9,-4.26,-7.33,152.0,147.37
011500,6781125.0,130914512.0,6.7,6.0,10.08,162.06,156.68
011560,481466.0,130004221.0,56.09,4.51,6.71,148.14,206.53
011700,1446974.0,83427385.0,722.45,8.01,11.34,139.94,297.6
011760,106277643.0,1718130588.0,1.37,5.96,21.56,339.25,120.45
011780,1247420045.0,4211638504.0,1.93,-0.99,-2.65,277.63,89.64
011790,1243792956.0,3585799683.0,1.62,0.73,2.15,213.16,70.87
012030,14054325.0,638356756.0,0.6,-9.58,-23.53,252.27,49.21
012160,50501796.0,310024807.0,5.21,2.49,4.48,172.02,149.84
012200,5188019.0,180806076.0,154.58,3.35,4.05,118.42,461.87
012280,7858528.0,98358356.0,4.0,4.98,10.87,201.27,104.88
012320,110436644.0,1207295886.0,27.91,4.14,10.58,224.72,130.52
012330,3309436000.0,34430309000.0,78.27,10.54,18.24,129.86,216.42
012450,560190593.0,3434224084.0,3.83,3.99,8.11,211.08,133.56
012510,26638335.0,193373325.0,5.05,7.11,15.85,202.28,95.42
012610,18911464.0,316944796.0,5.73,3.38,5.6,154.19,162.42
012620,26668528.0,158925185.0,4.07,3.74,7.66,199.91,222.13
012690,747358.0,69499188.0,71.87,8.9,11.49,127.61,207.57
012790,336272.0,70609322.0,59.68,11.0,12.49,113.57,446.12
012800,64407076.0,657836001.0,0.06,-3.28,-9.94,281.86,106.68
012860,61561116.0,450980636.0,4.58,4.87,16.84,379.67,91.13
013030,5341013.0,275868488.0,36.66,12.72,16.54,127.69,363.13
013120,46970994.0,387097857.0,143.7,8.14,12.77,142.23,552.97
013310,156950508.0,357567372.0,1.61,2.41,13.36,336.31,92.23
013360,69564052.0,284773448.0,1.72,-1.08,-2.3,219.29,211.53
013520,145038436.0,1131628142.0,2.37,-3.33,-16.12,297.98,74.07
013570,105057179.0,615671769.0,6.85,5.37,9.75,167.23,208.14
013720,16016189.0,35864797.0,1.62,2.57,5.5,219.7,311.62
013810,11838423.0,101136945.0,0.4,-2.4,-8.27,242.84,81.98
013870,59813351.0,377984965.0,8.91,5.43,10.84,193.29,148.79
013990,32235374.0,209211236.0,9.64,1.19,1.65,137.37,432.28
014130,4833576.0,85379983.0,11.56,7.24,23.74,310.91,92.46
014160,42187818.0,204157019.0,3.67,3.32,5.75,170.16,136.32
014190,7819253.0,115848497.0,0.94,1.93,3.43,143.23,174.66
014200,8735424.0,101592603.0,6.18,1.7,2.54,156.79,236.97
014280,62811962.0,675454670.0,2.55,2.77,7.4,255.45,79.84
014440,5544784.0,168014020.0,8.43,5.31,9.06,163.99,106.12
014470,14308483.0,221941699.0,170.56,8.24,12.18,142.05,133.68
014530,11301019.0,195573225.0,7.33,6.58,11.94,173.7,155.24
014570,5209453.0,63542138.0,2.66,1.1,1.49,133.99,408.74
014580,22192877.0,178992100.0,9.6,3.66,5.92,159.54,101.69
014620,23362992.0,532880524.0,60.45,13.17,17.04,120.85,392.19
014680,117515998.0,427996740.0,4.22,5.16,10.68,183.52,80.84
014710,56447385.0,276373008.0,2.35,1.81,3.31,175.34,168.1
014820,96695737.0,541854230.0,1.46,1.96,6.37,187.56,126.53
014830,142306655.0,880892350.0,4.83,4.17,7.44,170.58,173.63
014970,19713063.0,109903608.0,5.72,3.86,8.34,173.32,102.67
015020,10139860.0,92335201.0,20.03,21.55,42.87,171.17,82.7
015230,6317727.0,155109304.0,121.58,12.08,16.13,120.51,366.02
015260,37736317.0,270094165.0,2.07,-0.67,-2.44,181.1,102.23
015350,62978238.0,792641094.0,76.8,4.73,8.69,181.56,114.83
015360,199927493.0,1349036580.0,1.92,1.03,2.22,191.5,131.9
015590,14623212.0,262833068.0,2.23,3.64,12.74,329.1,93.33
015710,7860430.0,111496084.0,11.59,2.84,4.37,157.84,127.37
015750,283858355.0,2263358590.0,7.61,6.78,15.64,178.85,118.32
015760,83862749000.0,155527334000.0,0.64,0.12,0.34,235.84,75.54
015860,185689589.0,1116127493.0,1.32,0.57,1.54,112.95,73.23
015890,19257006.0,435097316.0,5.29,1.77,2.74,129.61,139.48
016090,24195657.0,216232675.0,10.19,4.24,8.48,201.17,114.26
016100,7235769.0,75168168.0,2.21,-2.92,-4.79,161.84,139.92
016250,284026220.0,1027960171.0,0.12,-1.53,-5.21,354.11,64.64
016380,1185839683.0,5241508648.0,0.09,-2.65,-10.04,372.96,54.29
016450,85414258.0,873460346.0,10.54,5.54,12.99,110.56,129.01
016590,56684361.0,392854620.0,6.16,3.27,5.04,126.05,116.61
016670,759300.0,63223890.0,53.74,10.66,20.43,151.37,182.78
016710,265505127.0,1139214524.0,2.28,2.58,5.84,171.19,126.58
016740,22799403.0,143729292.0,1.58,9.15,35.07,351.19,90.14
016920,31702484.0,117374422.0,1.52,0.9,2.56,253.15,162.12
017000,18826272.0,105875554.0,1.89,5.33,10.74,211.49,214.02
017040,5465964.0,120910764.0,11.84,5.14,9.75,173.51,171.73
017180,7734456.0,192410404.0,1.0,0.11,0.28,222.63,91.98
017250,11622652.0,121138091.0,2.45,1.02,1.66,168.21,157.74
017370,27270079.0,206120936.0,3.09,2.08,4.82,207.12,122.96
017390,205004871.0,1532935627.0,8.43,4.54,9.08,190.49,139.39
017480,25036188.0,172740535.0,12.39,4.37,6.28,142.18,373.0
017510,7015788.0,67472162.0,707.67,7.76,9.42,119.08,425.18
017550,8353947.0,136006038.0,5.82,2.97,4.85,155.63,179.78
017650,11531884.0,104616685.0,35.98,6.93,8.43,119.09,488.52
017670,6340738000.0,26576515000.0,6.06,6.17,11.91,171.44,84.42
017800,306687448.0,1204331842.0,4.06,-27.74,-123.12,265.21,88.43
017810,285909776.0,981371866.0,1.9,-1.2,-4.28,209.75,105.79
017890,19967534.0,243850038.0,5.03,2.27,3.16,130.85,220.16
017940,1240365734.0,3629693275.0,2.05,0.95,2.8,256.84,127.34
017960,10259968.0,296878102.0,30.99,5.05,6.51,121.42,382.32
018120,2333019.0,65883156.0,291.66,21.99,26.78,117.65,542.98
018250,22547388.0,196266194.0,2.8,2.15,7.02,347.48,106.26
018260,197236584.0,5300099795.0,154.34,6.68,9.15,125.31,240.18
018290,45329400.0,78768835.0,0.48,1.49,5.2,337.57,447.8
018310,15059678.0,191929102.0,16.71,12.39,19.88,162.5,65.71
018470,11927597.0,258754256.0,1.77,0.99,1.47,149.85,212.49
018500,88645297.0,359345316.0,1.43,2.21,15.66,576.24,66.37
018620,1905785.0,27386774.0,4.22,2.26,3.23,144.21,180.78
018670,497130022.0,2628349553.0,5.49,3.71,9.78,191.16,151.45
018680,22857030.0,71422982.0,3.46,0.94,2.14,221.45,122.42
018880,378682257.0,2953898412.0,29.92,12.03,20.95,146.83,164.82
019170,54937818.0,398354727.0,3.29,1.41,2.89,211.12,131.24
019210,179882176.0,590746079.0,1.2,1.16,3.5,256.73,148.45
019440,82097031.0,486216680.0,7.13,6.8,14.34,188.07,196.79
019540,29533450.0,227363799.0,2.55,5.1,16.56,162.58,77.87
019680,23651789.0,842291284.0,30.71,3.89,5.08,124.41,167.3
019770,3543193.0,112737803.0,22.14,7.35,11.28,125.14,197.7
019990,1483756.0,33420446.0,48.71,8.16,9.25,113.22,797.56
020000,19178716.0,1002393310.0,13.53,4.35,5.25,111.24,190.98
020120,4337362.0,28014609.0,3.38,2.47,4.58,185.83,158.51
020400,9673140.0,48017057.0,1.06,0.78,2.24,271.44,65.89
020760,8483322.0,250179799.0,66.15,18.41,31.94,166.35,91.72
021040,7818198.0,209840299.0,1.43,-3.83,-20.62,577.0,80.42
021240,50237577.0,1667858723.0,18.21,14.32,28.4,169.65,102.17
021650,7075743.0,88249179.0,2.12,0.52,1.31,106.74,76.24
021820,22905082.0,494928446.0,101.88,17.29,22.29,118.5,364.79
022100,89037089.0,842630093.0,6.89,2.57,7.28,180.67,109.68
023000,4743212.0,203893675.0,613.64,7.32,9.64,126.85,284.21
023150,8551778.0,129697936.0,3.43,5.32,16.43,260.02,57.37
023160,11859555.0,468623316.0,828.54,6.22,7.12,113.1,710.61
023350,30137443.0,207814312.0,108.8,2.75,4.47,168.95,162.25
023410,150555638.0,1238423862.0,1.46,7.5,16.56,183.47,103.86
023450,2404848.0,56641902.0,4029.62,3.57,4.1,114.77,472.19
023530,9715440996.0,38972565738.0,5.98,2.32,5.4,170.36,115.89
023590,146338492.0,4849467515.0,14.73,1.12,4.66,146.0,287.99
023600,86409298.0,512954373.0,3.84,2.7,4.58,142.21,94.66
023800,54108445.0,411595835.0,2.71,-0.63,-1.3,186.2,98.6
023810,18147122.0,158810730.0,19.08,11.33,23.65,181.03,138.04
023890,6010472.0,450574531.0,198.24,12.91,16.49,127.18,404.72
023900,6443951.0,122531167.0,30.85,6.94,8.52,108.79,263.05
023910,20701776.0,118691574.0,33.7,7.07,15.03,213.24,134.42
024070,2605646.0,130626774.0,5705.28,3.72,4.21,110.6,810.44
024090,5671387.0,161652082.0,2.39,1.57,1.99,116.62,595.26
024120,17011949.0,115087030.0,6.93,3.81,7.25,169.94,132.31
024720,7854844.0,280641010.0,8.38,4.65,6.66,112.87,72.56
024740,41903561.0,202914747.0,1.06,-1.96,-4.96,227.97,99.71
024800,20349394.0,347746871.0,1.26,-0.43,-1.18,272.37,85.76
024840,34716650.0,205447786.0,1.05,8.57,27.16,314.25,134.57
024850,5272773.0,66076321.0,2.38,-6.67,-11.19,150.36,174.48
024880,67672958.0,374749225.0,2.77,0.81,1.94,222.36,120.75
024890,12014723.0,109226542.0,1.52,-1.2,-3.66,284.22,88.09
024910,121800532.0,433768423.0,2.83,6.6,28.85,470.06,65.94
024940,675985.0,45348904.0,3.66,2.21,3.59,164.81,157.46
024950,858103.0,99970364.0,15.42,9.02,10.97,120.14,173.73
025000,9576088.0,471662716.0,26.19,5.54,7.44,131.9,250.54
025320,8777179.0,236351671.0,2.08,1.44,4.09,239.4,96.96
025530,4300276.0,230129109.0,89.14,7.26,8.58,100.1,537.34
025540,19905673.0,572070390.0,328.9,8.04,10.32,130.19,237.58
025550,14132348.0,158668391.0,1.69,2.24,4.99,194.45,125.74
025750,89628353.0,280380827.0,1.49,2.05,4.76,225.16,122.31
025770,5404437.0,152626099.0,26.13,11.45,21.76,182.68,136.26
025860,2308742.0,504051964.0,9.13,2.43,3.72,142.27,202.53
025870,8841188.0,48867567.0,1.46,0.74,1.88,252.6,125.44
025880,17828275.0,105049068.0,1.6,0.32,0.7,174.87,148.48
025950,2435853.0,84448390.0,722.66,9.52,12.19,121.8,480.15
026040,40000.0,104128753.0,11.84,8.5,14.44,165.24,182.36
026890,6336853.0,163379516.0,4.31,0.92,1.39,119.21,191.6
026940,996572.0,137818881.0,26483.42,2.49,3.28,129.18,372.33
027410,161755668.0,1159883360.0,4.85,6.33,38.52,511.88,66.95
027580,8111688.0,181505405.0,3.44,4.92,12.88,251.79,80.17
027710,106033196.0,722238852.0,0.91,0.75,3.95,292.47,83.98
028080,1939230.0,248619390.0,14.81,2.93,3.16,100.7,72.57
028100,9377783.0,225300799.0,3.14,0.92,1.57,165.07,201.79
028150,10801718.0,1179260623.0,852.06,10.9,16.61,147.88,222.57
028260,2763970924.0,8553888932.0,2.5,0.59,1.17,209.23,95.23
029460,4426705.0,305909308.0,1621.44,9.63,11.69,121.66,312.5
029530,24503541.0,919770392.0,136.76,2.68,3.02,107.64,1005.94
030000,52895505.0,1704530969.0,143.13,5.53,14.95,191.73,136.71
030190,3273274.0,147745027.0,2820.75,10.56,15.05,130.89,193.24
030200,10793885000.0,34846533000.0,1.86,-0.17,-0.46,232.65,89.1
030350,14756000.0,89288698.0,0.18,-31.8,-67.07,263.84,18.23
030530,55176451.0,590141817.0,14.64,6.99,10.11,156.06,210.09
030960,3890229.0,88645037.0,5.45,1.6,2.27,141.73,69.44
031310,12435337.0,100918539.0,16.64,4.58,7.24,108.99,240.59
031330,3190278.0,243734370.0,3.75,6.07,23.13,330.91,114.48
031430,55094100.0,755481565.0,7.26,4.57,7.45,173.59,102.9
031510,54917205.0,274536574.0,2.26,3.58,10.33,268.29,99.08
031980,10001749.0,189782574.0,170.22,9.72,11.77,121.1,457.86
032190,189349381.0,5077464079.0,11.33,1.28,5.5,217.32,277.35
032280,26225702.0,110495317.0,1.76,4.46,16.12,341.14,53.01
032350,4631840.0,138782835.0,0.47,-2.69,-6.14,118.57,118.53
032500,29217412.0,250897784.0,9.21,16.43,59.17,272.18,97.07
032540,8712128.0,96001615.0,11.48,0.54,0.65,113.43,688.52
032560,9563538.0,253730129.0,8.54,2.74,4.05,137.5,170.27
032580,6682497.0,58857911.0,19.32,8.64,14.64,166.89,233.56
032640,4014297000.0,11775047000.0,2.58,2.44,7.19,292.56,72.15
032680,4653296.0,41141486.0,1.13,3.08,7.17,272.04,133.76
032750,6361535.0,72673320.0,15.17,4.83,8.03,136.14,126.95
032850,10281534.0,54770874.0,2.03,-0.84,-1.51,181.69,158.28
032940,4902924.0,107436173.0,0.05,7.58,23.61,295.53,49.45
033100,2945866.0,47350934.0,38.86,9.02,11.71,128.71,339.34
033110,2839178.0,41371872.0,1.59,0.68,0.99,136.04,254.71
033160,56148641.0,368715002.0,1.78,6.66,18.51,199.11,92.45
033170,13549306.0,250429986.0,8.05,3.36,4.87,137.71,63.97
033180,1388002.0,94967371.0,12.19,4.75,7.44,162.92,166.61
033230,2999997.0,148039250.0,2.66,4.85,15.32,216.16,134.17
033240,27573381.0,357073877.0,114.52,12.92,19.6,137.93,263.7
033250,20977935.0,94630897.0,1.22,-0.13,-0.38,257.41,86.45
033270,25442609.0,193539435.0,15.1,6.4,8.88,136.89,348.19
033310,3023599.0,55331887.0,3.66,12.0,26.15,193.97,42.11
033320,1079041.0,80015661.0,33.7,2.95,3.97,134.98,278.21
033340,4764468.0,116700663.0,0.89,0.71,1.03,141.91,291.45
033500,9518722.0,298404938.0,2.86,3.29,12.35,353.33,78.69
033530,32872141.0,697570396.0,24.43,6.8,13.97,153.38,142.92
033640,127241374.0,395087608.0,0.08,-11.82,-32.81,200.22,89.92
033780,527233693.0,7074958370.0,85.93,8.06,10.59,120.86,354.29
033830,341203.0,101981294.0,202.52,3.57,3.75,104.6,1714.33
033920,7643805.0,441322084.0,87.41,13.44,17.15,127.14,153.12
034020,9241412169.0,27725480115.0,1.35,0.07,0.27,240.53,105.69
034120,56265536.0,804265037.0,7.01,2.68,3.86,142.25,225.09
034220,4128945000.0,21715284000.0,7.32,1.81,3.98,211.47,113.89
034230,92461491.0,1230024866.0,41.59,9.5,13.32,129.96,152.49
034310,37852035.0,865450175.0,26.9,7.7,11.74,106.35,160.53
034590,63645681.0,355456808.0,18.06,2.85,7.59,256.31,113.94
034730,1918912018.0,5292929775.0,3.65,3.89,8.54,336.36,113.18
034940,9363755.0,70815020.0,4.79,2.58,3.53,135.13,396.03
034950,3588694.0,105787960.0,868.9,14.06,18.54,120.27,426.89
035000,4163086.0,408525165.0,40.16,3.22,10.58,102.42,136.33
035080,125679742.0,1598503940.0,7.45,1.54,3.23,117.63,135.82
035150,14253743.0,152570048.0,6.33,5.01,8.43,164.86,198.76
035200,5178401.0,37205677.0,8.89,8.37,14.33,175.17,232.31
035250,14123025.0,3102036846.0,1421.81,9.91,12.17,123.04,189.47
035420,390064617.0,2697746840.0,75.06,67.39,112.18,139.98,160.52
035460,6540885.0,78684690.0,4.99,5.17,11.55,158.65,179.95
035600,69292276.0,525262750.0,14.33,4.45,10.53,188.96,162.14
035610,6136256.0,183393606.0,0.52,3.85,4.93,101.04,352.95
035720,4071729.0,217200419.0,20132.17,14.81,17.62,122.27,503.19
035760,945670374.0,3030942895.0,7.19,6.14,15.82,200.45,84.19
035810,235785503.0,1474743122.0,0.99,0.73,3.07,184.56,75.44
035890,163795681.0,747878821.0,1.07,-8.57,-30.97,324.9,105.61
036000,24368826.0,159275472.0,6.82,5.9,9.58,132.37,78.94
036010,6213565.0,86677524.0,4.72,4.12,6.39,144.63,176.02
036030,3295587.0,293664862.0,41.03,1.31,1.97,153.73,179.83
036090,4669256.0,30989750.0,4.51,8.01,15.82,184.96,110.7
036170,1745881.0,93303682.0,2.04,-0.24,-0.4,169.11,140.26
036190,3608878.0,142932108.0,4840.81,18.35,21.71,119.42,412.81
036200,8439035.0,96981244.0,3.17,2.1,3.73,187.27,176.68
036420,128430411.0,506503219.0,2.8,0.73,2.75,290.33,80.5
036460,26395191913.0,43666375501.0,1.78,-0.48,-2.35,497.56,146.78
036480,3138055.0,28944873.0,10.5,1.59,2.2,146.81,208.83
036490,209805895.0,597401773.0,0.75,0.05,0.11,156.74,140.22
036530,205537148.0,2149176237.0,44.39,2.55,3.99,100.12,188.1
036560,42602591.0,317563314.0,279.61,2.84,3.55,123.05,443.47
036570,68913234.0,1479521682.0,636.02,11.35,14.56,118.89,311.9
036580,53164485.0,564784427.0,0.76,1.6,3.88,227.77,110.8
036640,9462965.0,81484925.0,122.97,3.04,3.69,125.32,480.01
036670,3324256.0,54223309.0,4.3,4.27,6.45,144.24,147.16
036690,10351151.0,83485160.0,11.44,9.6,20.41,198.4,160.33
036800,2466497.0,188654754.0,39.87,11.36,29.29,245.91,121.75
036810,19857142.0,95460147.0,2.68,2.57,5.87,225.24,102.15
036830,12479944.0,567642633.0,22.12,11.33,17.19,126.81,94.23
036890,65309256.0,162788855.0,7.53,1.09,3.29,254.35,261.84
036930,9683524.0,370884954.0,0.08,-9.33,-31.66,373.47,65.22
037070,4391914.0,97479292.0,8.62,7.83,13.73,163.83,104.02
037350,9079867.0,367967391.0,11.49,5.98,16.03,174.63,149.48
037370,12317254.0,86646620.0,11.05,5.53,8.96,126.03,214.33
037400,67815515.0,760307212.0,1.18,-1.22,-2.67,130.69,104.78
037460,154426.0,83598050.0,4.69,-3.92,-5.11,127.29,312.21
037560,776613056.0,2080517805.0,4.44,4.23,9.56,214.43,95.31
037710,102630971.0,656355808.0,13.07,8.94,12.61,160.6,17.84
037760,14412514.0,93537539.0,3.11,2.78,7.01,150.85,77.44
038010,39475459.0,122072027.0,1.65,4.09,12.72,326.68,78.61
038060,10104276.0,334280773.0,26.31,10.16,18.13,159.24,182.26
038070,10008894.0,60387221.0,16.06,7.11,10.55,144.35,454.52
038110,102560397.0,472497290.0,1.32,0.48,1.89,253.29,67.77
038290,2762513.0,87712076.0,2.29,7.6,11.55,143.81,243.43
038390,56479326.0,254911194.0,6.4,6.61,14.51,221.65,37.89
038460,8362315.0,72124579.0,2.08,4.7,7.82,141.61,110.84
038540,36473655.0,421979627.0,109.89,2.5,14.37,123.7,75.8
038680,1851667.0,127142557.0,41.77,3.46,6.02,166.45,167.94
038870,54796210.0,151825463.0,2.47,1.77,8.2,245.96,114.66
038950,5986894.0,106042000.0,418.95,6.79,8.24,114.08,800.19
039020,65811208.0,285058115.0,0.62,-0.63,-1.8,272.13,70.44
039030,2579860.0,351916286.0,19.04,10.37,15.62,144.52,150.25
039130,3056866.0,376496384.0,207.21,9.89,19.37,188.26,154.01
039230,5019948.0,90445468.0,0.9,0.3,0.76,206.94,45.4
039240,11128667.0,114814004.0,6.13,5.16,9.61,176.86,201.18
039310,3835278.0,135976197.0,14.91,7.56,14.11,156.0,142.08
039340,859007.0,73176429.0,97.16,1.07,1.24,115.33,174.87
039420,3579977.0,37150813.0,7.47,3.65,5.24,140.21,147.29
039440,1946020.0,59112358.0,13.45,8.53,15.49,177.47,97.4
039560,31999744.0,241038614.0,2.41,1.42,2.38,146.47,179.22
039570,7041778.0,128835700.0,8.21,-0.82,-1.77,222.24,67.78
039610,9799404.0,68086080.0,29.39,6.33,9.32,142.35,446.61
039740,3404134.0,104739412.0,1.2,0.52,0.93,174.99,150.66
039830,21779664.0,180912341.0,4.45,3.54,8.7,183.08,80.66
039980,531536.0,63997785.0,47.49,4.01,6.21,142.21,256.33
040160,3195636.0,62246147.0,2.55,9.47,15.31,155.9,132.68
040300,43345000.0,409130864.0,1.38,0.87,1.84,227.94,24.52
040610,90235270.0,993396772.0,4.77,3.69,7.07,114.51,131.92
040910,7037675.0,124274686.0,43.97,5.97,7.11,117.88,534.79
041020,2617078.0,121625671.0,16.94,6.33,8.13,129.78,303.02
041440,15301097.0,269566288.0,8.24,6.86,13.52,187.56,155.37
041510,13063617.0,392328202.0,88.92,5.03,7.2,132.35,216.74
041520,5609283.0,342241562.0,90.74,12.61,24.99,190.51,154.85
041590,4462133.0,58381065.0,1.46,2.84,5.35,203.17,164.36
041650,39586292.0,267736469.0,6.7,7.08,19.25,219.61,111.04
041910,15577241.0,104369538.0,4.08,3.56,5.76,153.35,238.89
041920,3834570.0,27320621.0,14.33,11.47,23.42,182.15,200.05
041930,3430941.0,118590811.0,18.1,12.25,25.41,151.41,146.56
041960,31051081.0,108796731.0,0.4,-0.09,-0.19,244.11,91.73
042110,3716963.0,80848080.0,258.81,9.79,11.73,120.19,406.72
042370,9547288.0,89285060.0,5.41,2.4,4.15,167.82,177.29
042420,47197406.0,588519102.0,17.79,9.54,15.32,100.15,192.36
042500,269739.0,68444239.0,27.95,8.66,17.85,198.84,191.23
042600,11694532.0,83937183.0,5.44,-1.01,-1.8,154.13,142.26
042670,5178805345.0,11481493540.0,1.18,-0.88,-3.08,268.2,134.59
042700,27019591.0,240728439.0,18.71,4.73,6.1,131.75,401.36
043090,664877.0,20326924.0,1.86,0.69,1.62,216.99,115.82
043150,23629798.0,227688793.0,4.9,6.59,14.73,191.91,149.06
043200,12442294.0,57344876.0,0.56,-5.26,-16.64,372.28,96.07
043290,11791455.0,70852470.0,5.81,6.37,11.15,179.3,128.65
043340,3374122.0,64976922.0,1.57,1.81,5.84,314.35,95.61
043370,51112998.0,713758966.0,17.02,7.0,13.16,160.92,127.57
043650,9842089.0,218115221.0,9.21,2.68,2.98,109.26,733.62
043910,4444900.0,65413081.0,0.42,-9.53,-18.56,176.29,138.11
044060,3848015.0,43653603.0,10.2,5.16,7.05,133.53,245.63
044340,2670490.0,150440370.0,17.13,11.86,21.5,175.86,151.54
044450,147873559.0,339056173.0,4.62,8.14,17.7,210.91,44.35
044490,31309294.0,649347397.0,0.72,0.9,1.23,129.27,339.66
044780,3017809.0,65517324.0,10.9,6.72,10.77,160.52,210.67
044820,78963969.0,307948554.0,2.96,8.86,26.72,234.94,125.66
044960,5663539.0,27285930.0,3.7,2.92,4.22,156.63,321.1
044990,1005774.0,45790785.0,24.95,25.31,39.0,140.08,164.51
045060,5366299.0,96135946.0,4.76,3.2,6.21,170.75,120.99
045100,23583447.0,259364139.0,16.27,5.94,12.95,226.2,115.16
045300,4390303.0,60260878.0,0.73,1.2,2.26,167.35,83.26
045390,2511713.0,95178068.0,7.88,3.06,4.72,143.79,183.85
045510,3967119.0,54474273.0,2.35,-5.66,-17.89,325.84,86.34
045520,4232975.0,39632733.0,3.51,3.4,7.23,204.62,155.49
045660,4257292.0,87752617.0,175.37,8.33,11.89,145.68,171.07
045890,1973658.0,103968743.0,1.83,2.86,6.85,223.77,73.49
045970,16198557.0,272680457.0,0.03,-1.16,-2.94,103.17,117.09
046070,59661628.0,251475508.0,1.63,2.36,10.01,380.73,64.58
046110,1383015.0,50423072.0,23.49,2.67,4.13,157.07,174.68
046440,41376195.0,278793192.0,10.49,3.29,8.55,253.56,169.45
046890,124469049.0,1108671993.0,7.65,3.78,7.11,130.38,144.61
046940,1779016.0,115281384.0,0.02,-4.65,-12.24,260.23,95.51
047050,1508696444.0,8268621927.0,2.67,1.69,6.02,349.32,102.27
047080,4184790.0,34747003.0,2.62,-0.84,-1.81,202.2,117.96
047310,22220917.0,265170259.0,0.57,1.4,3.16,234.41,114.6
047400,22249920.0,144373713.0,5.96,3.73,6.0,153.11,192.63
047810,292800614.0,1951527223.0,5.48,1.9,4.08,215.78,148.13
047920,5399699.0,16695173.0,1.3,-2.46,-11.44,486.47,127.25
048260,26969360.0,302475070.0,4.97,2.74,10.81,259.57,103.99
048430,11078738.0,107066882.0,84.49,13.56,21.93,156.8,167.26
048470,1096803.0,77810868.0,3.27,0.66,1.0,132.14,289.23
048530,994372.0,23206940.0,0.23,1.65,2.4,132.73,223.71
048770,11503342.0,81813785.0,2.76,2.61,6.97,246.88,118.4
048830,8744929.0,42998254.0,6.93,5.1,9.4,193.75,178.52
049070,19735662.0,516284856.0,24.8,10.46,15.43,116.99,211.46
049080,21994610.0,122523850.0,5.72,10.71,24.37,196.38,138.09
049180,2222641.0,77776461.0,0.59,-2.46,-4.03,151.38,159.89
049430,5171809.0,102537204.0,25.21,5.19,6.42,117.75,380.98
049470,14356248.0,70859880.0,2.36,2.11,4.06,170.22,239.1
049480,19809982.0,107360198.0,2.01,3.47,7.46,195.74,111.97
049520,17096811.0,186688321.0,73.54,10.81,15.18,133.05,184.05
049550,40002095.0,142253541.0,0.89,0.39,1.1,285.05,87.01
049630,10731211.0,159855165.0,0.21,-2.81,-13.31,498.18,48.56
049720,837833.0,20619089.0,16.46,1.46,2.42,166.13,143.78
049770,189417419.0,914931543.0,5.0,3.89,8.87,176.44,162.55
049800,57452975.0,225185816.0,5.04,3.34,8.52,256.8,144.68
049830,5543121.0,141447592.0,191.35,5.64,7.05,122.99,364.82
049960,37462.0,46698152.0,4433.97,17.93,19.63,107.49,785.04
050090,20024345.0,101309981.0,4.26,-1.56,-3.71,191.44,56.57
050110,29097362.0,225439735.0,7.4,5.34,12.79,223.98,125.02
050540,1568797.0,85416540.0,2.76,-15.89,-28.12,212.44,44.43
050760,6179917.0,104507526.0,2.26,1.37,2.87,211.33,103.32
050860,1034302.0,93981254.0,23.77,7.22,8.46,112.32,706.85
050890,15420398.0,194137303.0,4.6,7.59,21.69,254.03,108.1
051360,1795101.0,162018464.0,14.39,7.02,15.0,191.17,140.07
051370,37628702.0,705724235.0,0.01,-0.09,-0.22,190.99,123.19
051390,8019631.0,89504806.0,17.5,5.35,6.59,121.97,355.24
051490,9608237.0,137149283.0,7.7,3.54,6.85,172.65,126.86
051500,109878412.0,596963916.0,1.31,-2.24,-8.64,316.07,109.69
051600,34532859.0,841101966.0,139800.8,19.04,26.36,134.97,238.96
051630,3885560.0,44339143.0,2377.6,8.44,13.58,162.29,113.5
051780,16124680.0,76369512.0,0.08,-4.33,-18.9,215.2,15.23
051900,978035610.0,3435103838.0,13.31,11.8,26.62,221.11,99.94
051910,1122925000.0,17446464000.0,26.72,7.47,11.3,138.9,174.68
052260,6454312.0,142530900.0,11.35,6.72,9.35,132.72,202.22
052300,14694717.0,54730099.0,1.7,0.96,2.15,156.54,128.52
052330,4007220.0,183907166.0,566.1,9.78,11.05,111.83,809.13
052400,12198332.0,255416014.0,10.51,9.49,17.3,172.8,155.48
052600,232013.0,56221784.0,4.32,3.12,4.78,162.65,165.26
052670,1170346.0,23370553.0,3.33,1.53,2.2,142.92,274.21
052690,42406345.0,760503659.0,184.93,4.24,8.52,199.06,142.5
052710,53036412.0,303956397.0,3.52,3.73,9.12,218.17,84.29
052770,508880.0,33184352.0,9.03,3.34,7.37,207.07,96.82
052790,9042879.0,232029942.0,20.53,6.59,10.43,113.14,323.51
052900,25136554.0,68727109.0,0.27,-36.65,-134.61,710.05,89.99
053050,45907603.0,136042427.0,4.31,3.08,8.77,290.98,81.27
053060,29447465.0,101433187.0,0.82,1.47,6.25,456.19,65.31
053160,823955.0,36565088.0,182.42,7.33,8.46,112.14,638.83
053210,91886702.0,682193637.0,31.78,11.09,19.31,163.34,157.89
053260,3566569.0,130946263.0,62.59,5.94,8.26,134.94,334.41
053270,21096968.0,149230187.0,1.39,1.4,5.76,317.11,60.26
053280,7104376.0,140370817.0,24.91,2.67,6.05,221.6,117.31
053350,38919102.0,230418207.0,4.86,6.93,13.27,114.04,173.78
053450,35601377.0,203329442.0,12.39,11.24,20.8,183.19,128.97
053580,3997878.0,30985864.0,1.52,6.58,26.84,367.22,82.38
053610,10620863.0,106457635.0,37.62,7.54,9.15,122.42,442.37
053620,5997466.0,162629832.0,158.62,5.04,6.78,132.77,221.6
053690,25604078.0,141362454.0,4.49,4.3,11.81,187.16,190.37
053700,95179284.0,533883636.0,2.64,11.88,39.26,346.26,86.52
053950,5189968.0,52634683.0,0.19,-25.25,-93.02,465.51,66.42
053980,7722559.0,84635838.0,9.32,4.72,7.68,168.27,116.65
054050,3038173.0,174808781.0,460.09,6.78,7.55,109.59,514.57
054090,29908212.0,184020091.0,2.39,1.07,2.25,186.24,162.02
054180,2348572.0,46422957.0,1.57,12.45,47.38,300.66,9.06
054210,57480642.0,432728319.0,3.36,3.26,12.4,227.67,96.48
054410,8166059.0,53939304.0,1.56,0.75,1.81,245.85,55.7
054540,25446706.0,158109865.0,2.61,1.28,2.6,178.48,171.8
054620,23511986.0,182192905.0,7.53,7.86,16.09,179.69,156.6
054670,5779152.0,130972312.0,1.58,-1.52,-2.8,182.8,107.08
054800,47684291.0,513226607.0,35.29,6.01,7.39,117.19,786.29
054920,30440585.0,89894567.0,0.61,0.24,0.42,164.89,277.72
054930,8934614.0,138610116.0,1.02,0.6,0.94,154.94,220.67
054940,3257925.0,95092837.0,2.9,-1.75,-3.54,227.43,115.25
054950,3172877.0,161776133.0,11.09,9.24,17.81,178.19,116.41
056090,3587024.0,28427387.0,1.88,3.69,13.93,354.79,84.45
056360,533173.0,80615357.0,58.76,8.49,10.02,123.25,259.03
056700,12691330.0,219942428.0,1.24,0.86,2.79,276.46,65.89
057030,2511881.0,93694224.0,4.81,3.81,5.59,147.63,171.76
057050,22207107.0,1429041784.0,1581.11,14.29,18.36,123.71,276.57
057540,1288254.0,72527823.0,0.2,-8.43,-12.54,120.23,201.02
058220,6908376.0,46987539.0,9.32,2.52,6.58,169.02,288.84
058400,3137630.0,181791303.0,518.28,6.42,7.21,107.35,522.88
058430,12531568.0,451584709.0,0.62,-1.12,-2.99,265.19,77.5
058450,9596526.0,39475006.0,3.44,3.87,10.09,254.07,87.45
058530,6743984.0,41188722.0,1.81,1.8,3.91,212.39,126.53
058610,10432796.0,130217268.0,3.33,3.23,6.7,200.01,140.09
058650,670786094.0,3914700975.0,4.48,0.58,1.06,128.98,161.36
058730,355804.0,107762576.0,16.08,7.66,11.27,152.35,185.97
058820,1415206.0,55912563.0,0.7,0.52,0.74,114.1,694.71
058850,2051923.0,180109378.0,366.5,6.94,10.22,146.58,237.12
058860,2124192.0,181576207.0,401.49,7.7,10.81,137.97,292.82
058970,3341847.0,13569164.0,2.98,4.35,13.13,290.35,141.83
059120,1857177.0,25763801.0,16.11,13.67,23.21,163.73,198.01
059210,18934401.0,116787858.0,1.36,1.99,5.12,185.18,65.68
060150,39392148.0,265117010.0,0.04,0.54,1.01,178.93,41.66
060230,15397469.0,86319149.0,1.26,6.49,36.43,522.07,50.11
060250,1058600.0,82245871.0,2025.36,9.3,20.8,215.83,120.93
060260,1013030.0,26547396.0,1.11,1.12,1.93,174.98,153.92
060300,16185268.0,96324197.0,3.59,2.75,3.88,149.38,349.4
060370,6116550.0,115781500.0,66.69,5.45,7.1,131.07,218.64
060380,3221000.0,119723882.0,1.57,1.88,4.75,232.56,104.74
060480,5723468.0,47285508.0,10.81,4.3,6.25,149.9,180.51
060590,10842380.0,150475744.0,1.49,0.62,1.11,154.39,206.85
060720,30530978.0,444121495.0,12.93,13.49,26.39,116.27,147.32
060980,1503742922.0,5077131602.0,2.28,3.9,10.81,257.37,133.93
061040,7603577.0,216208846.0,6.53,1.66,3.88,147.39,128.53
061250,11322507.0,123024132.0,7.72,3.56,5.0,142.6,286.32
061970,86256851.0,265357350.0,0.51,0.06,0.16,285.39,97.8
063080,1163103.0,179245827.0,681.52,10.04,10.87,107.59,551.14
063160,18184168.0,175499039.0,2.7,0.92,1.34,141.68,229.08
063170,1631603.0,70198366.0,6.1,3.1,4.07,130.72,352.01
063570,3832065.0,131071258.0,6.27,4.16,6.67,156.38,159.81
064260,12941942.0,285662822.0,0.79,0.07,0.26,186.73,122.25
064350,901941823.0,4274897191.0,2.94,3.17,8.48,229.17,162.72
064520,7890212.0,100527791.0,1.55,3.14,14.61,455.0,80.19
064960,109774590.0,1206018423.0,43.31,2.85,5.2,169.94,146.59
065060,5467376.0,204520490.0,3.56,0.71,1.09,153.84,144.92
065130,10681910.0,194595626.0,2.53,1.26,1.98,139.24,133.47
065150,5658173.0,67294953.0,39.43,4.18,12.68,268.25,39.05
065170,2515429.0,65427439.0,1.12,-5.9,-12.14,127.58,67.92
065350,74687361.0,281176828.0,1.75,2.48,6.83,191.41,100.9
065370,3000000.0,11022386.0,9.85,6.07,11.05,176.79,221.95
065420,13404627.0,49379847.0,2.16,0.44,0.75,127.0,186.16
065440,12242416.0,49091278.0,2.35,2.78,7.87,207.48,140.01
065450,4445533.0,46190328.0,10.14,2.64,3.87,149.14,197.06
065500,282822.0,34390392.0,0.82,-1.46,-6.77,454.1,51.63
065510,17662132.0,101636272.0,9.35,0.35,0.5,164.35,223.65
065530,44422929.0,199861525.0,2.61,4.0,13.78,328.2,77.77
065570,3325000.0,77985434.0,78.71,10.01,11.48,111.26,1213.99
065690,7340244.0,93653729.0,0.85,-5.01,-6.32,119.69,407.24
065710,401199.0,51712914.0,30.9,3.04,3.29,107.86,1037.08
065950,21947990.0,253630121.0,2.66,2.45,4.86,191.93,155.35
066310,880447.0,53599411.0,321.68,7.26,8.02,111.85,706.65
066360,32027771.0,237695860.0,1.71,2.75,11.61,373.55,57.35
066430,39322.0,9600837.0,5.77,5.44,6.97,119.74,544.67
066570,7824691000.0,35528064000.0,3.28,0.63,1.75,253.96,108.73
066590,14701678.0,139634527.0,2.67,1.97,10.42,386.53,73.33
066620,2749982.0,127902185.0,1539.88,9.91,17.76,187.79,172.74
066670,17213310.0,304073877.0,24.04,10.88,26.02,265.3,121.79
066700,6894242.0,120960408.0,2.74,1.24,1.92,131.67,237.61
066900,52457051.0,228830608.0,5.58,9.2,27.11,274.25,60.11
066980,17434681.0,68855631.0,0.61,4.88,9.42,174.17,307.25
067010,1821914.0,47774052.0,94.64,9.5,13.86,143.55,334.6
067080,19901777.0,121867604.0,2.67,1.61,3.28,163.18,139.22
067160,4455000.0,57689535.0,4.9,0.31,0.52,155.67,152.81
067170,39853420.0,300332038.0,1.58,0.45,1.29,166.67,128.9
067290,2431534.0,126319180.0,0.81,-2.56,-6.57,191.71,66.66
067570,21190828.0,338703945.0,13.72,5.48,14.7,180.41,120.6
067830,117452187.0,510939100.0,5.77,4.25,7.79,176.3,57.39
067900,29580561.0,119922037.0,7.42,4.4,7.04,164.76,85.28
067990,22695524.0,205987084.0,0.73,-0.74,-2.9,350.63,52.8
068240,17739799.0,87954781.0,7.05,6.56,11.76,167.5,268.94
068270,393579374.0,1978508192.0,3.11,5.52,9.59,181.19,110.79
068290,6694629.0,130529534.0,9.21,4.42,6.22,114.02,177.27
068330,1682758.0,26829866.0,12.87,3.71,4.69,119.87,380.71
068400,278572541.0,785727185.0,1.94,2.45,10.02,415.92,20.29
068760,166319182.0,361353572.0,5.19,0.75,1.6,215.03,529.24
068940,2201665.0,40558920.0,1.78,1.12,1.5,133.32,362.09
069080,11812244.0,157556816.0,153.97,1.14,1.41,113.24,243.55
069260,149768628.0,776494191.0,6.0,6.5,10.88,157.15,246.6
069330,2017900.0,73840295.0,30.65,20.64,31.32,143.34,115.36
069460,14904636.0,126628810.0,0.34,-1.89,-7.79,377.25,92.39
069510,7811017.0,149518230.0,71.7,7.14,11.6,141.34,226.92
069540,4698207.0,52242226.0,11.53,4.93,7.07,157.02,321.51
069620,53852717.0,579012972.0,119.09,10.92,14.06,130.86,357.95
069640,5360548.0,191133608.0,46.94,4.93,6.4,132.87,308.43
069730,15940646.0,203893139.0,1.94,0.9,1.8,201.18,99.75
069960,764885524.0,5600706253.0,43.29,6.14,9.95,154.62,89.15
070300,516734.0,25863010.0,763.63,8.36,9.24,109.41,497.67
070590,7884589.0,58117503.0,6.81,3.93,7.42,210.17,108.41
071090,39260211.0,249462910.0,0.01,-1.0,-1.87,188.8,109.76
071200,4432633.0,81696675.0,5.31,9.82,17.25,124.76,208.13
071280,2284685.0,64219924.0,21.76,6.87,9.25,140.56,219.36
071320,2613072484.0,5007901742.0,2.8,2.34,7.41,312.89,77.45
071460,47046419.0,278406798.0,6.1,4.34,20.55,462.53,106.59
071840,758754438.0,2755424265.0,6.59,4.82,8.41,172.75,131.73
071850,44147586.0,200815407.0,4.1,4.91,13.16,243.74,118.21
071950,7396074.0,98569947.0,0.18,-8.0,-20.17,257.75,120.01
072020,1067630.0,57030564.0,51.65,8.25,9.65,118.51,300.62
072130,8846.0,72642507.0,16.06,-5.27,-6.07,111.47,480.87
072470,15290792.0,197709758.0,4.74,7.21,20.23,275.62,129.93
072710,29714265.0,1027316750.0,13.92,4.9,6.87,109.73,60.78
072770,3480383.0,30245161.0,4.91,0.7,1.39,140.16,151.56
072870,14157637.0,486736085.0,1317.96,8.66,10.81,116.76,236.28
072950,1006721.0,39212170.0,7015.34,3.46,3.88,112.56,763.57
072990,6523225.0,27233472.0,12.0,13.42,30.11,213.29,148.86
073010,2748047.0,86163231.0,0.92,1.88,2.3,122.53,401.03
073070,1894285.0,52851847.0,22.54,3.9,5.14,130.72,265.16
073110,5534400.0,168173993.0,8.48,9.7,17.93,166.13,112.92
073190,679249.0,51565867.0,2.85,-1.79,-2.02,110.11,426.97
073240,257879466.0,4733932566.0,2.12,2.12,9.76,268.59,51.85
073490,1304732.0,92806322.0,186.51,5.06,5.97,111.51,466.86
073540,3601971.0,58625683.0,1895.07,15.49,23.6,151.79,241.87
074600,16182276.0,165476630.0,5.75,4.57,8.49,189.51,89.46
074610,352115.0,9793015.0,2.71,-11.77,-18.57,154.07,66.53
075130,546083.0,82006255.0,29.93,6.33,6.91,102.83,656.12
075180,9765205.0,202754394.0,322.32,11.07,14.51,119.27,333.63
075970,41084563.0,147128370.0,2.0,-0.56,-1.09,189.94,212.77
076080,10920565.0,155998248.0,30.55,7.07,12.18,141.94,260.47
076340,500000.0,37190596.0,26.7,10.63,12.44,110.58,478.72
076610,24569762.0,132789327.0,8.91,13.22,38.81,205.39,129.68
077360,9430100.0,246519827.0,122.74,13.96,15.24,105.53,807.41
077500,16590037.0,218347948.0,28.63,12.9,19.76,148.04,213.97
078070,6156906.0,189200423.0,162.21,12.0,14.13,117.03,371.04
078130,26097394.0,125124563.0,0.57,0.04,0.16,223.37,92.87
078140,1691394.0,51033053.0,236.82,10.77,12.55,112.24,659.24
078150,20946899.0,128986264.0,13.98,22.44,47.49,167.08,127.43
078340,1628351.0,118273996.0,206.38,17.7,19.44,108.66,732.55
078350,3501398.0,62591490.0,6.36,2.87,5.47,167.14,80.69
078520,6942635.0,238805956.0,831.78,5.31,7.85,137.53,277.21
078590,1618695.0,15246905.0,1.69,-4.53,-11.3,255.81,93.15
078600,17829696.0,117106052.0,0.78,-0.84,-2.07,237.06,85.3
078650,25139058.0,122426330.0,4.66,8.21,28.33,301.8,52.21
078890,6505697.0,132534576.0,5.54,5.27,12.19,194.76,173.96
078930,3429929000.0,12636266000.0,3.85,3.43,5.96,113.32,130.38
079160,265481070.0,1099174954.0,2.35,1.15,3.34,234.02,52.62
079170,3041287.0,57069437.0,1475.52,3.18,3.56,109.9,1588.01
079190,19447613.0,92444485.0,3.7,4.09,9.92,244.54,101.77
079370,15827873.0,214665536.0,26.4,9.31,16.41,147.56,183.66
079430,26977951.0,332663051.0,11.78,2.2,3.81,166.42,162.99
079550,161497432.0,1453548644.0,7.2,4.2,17.49,430.61,82.61
079650,727748.0,73043841.0,1866.89,14.86,17.18,112.14,462.41
079940,7631499.0,91231294.0,15.81,10.77,14.91,149.76,249.42
079950,7707155.0,112040888.0,4.88,4.99,13.38,304.84,121.3
079960,4008347.0,254177953.0,181.02,11.56,19.27,148.95,183.8
079970,4999290.0,33420809.0,15.81,10.45,14.16,143.21,482.47
079980,15879439.0,826273454.0,10.67,4.53,10.32,208.16,102.76
080000,16705543.0,132155532.0,5.56,6.28,10.49,162.96,198.28
080010,310239.0,65185410.0,33.55,2.87,3.13,111.03,377.34
080160,5882405.0,152328686.0,641.95,10.14,17.56,163.73,206.45
080420,1113741.0,114703529.0,67.28,16.87,20.17,112.64,540.84
080470,14180613.0,106695690.0,4.05,4.0,9.31,186.26,112.09
080520,2594015.0,102619316.0,153.24,11.16,12.56,109.06,955.28
080530,3270444.0,73197699.0,0.6,-0.33,-0.83,189.68,74.37
080580,13064540.0,48247863.0,2.38,3.03,7.42,235.85,107.88
080720,3402678.0,34958038.0,3.57,3.42,7.59,216.25,162.03
081000,9153214.0,133824004.0,4.45,2.48,4.82,166.87,126.28
081150,44713815.0,142812955.0,3.03,0.46,1.2,267.87,172.43
081580,566785.0,101736366.0,11.11,7.44,11.57,135.08,158.58
081660,269591810.0,971356130.0,7.44,10.49,21.57,193.62,163.18
082210,26295658.0,223040144.0,5.94,6.82,14.53,177.18,91.29
082660,13501234.0,183177965.0,2.72,4.5,18.38,314.66,79.48
082740,334428228.0,1662608607.0,0.05,-0.3,-0.68,226.33,90.9
082800,3543109.0,78903588.0,3.25,-3.47,-8.05,222.96,142.47
082850,48572379.0,695163736.0,1.11,-1.44,-3.27,129.18,103.39
082920,1889161.0,76331779.0,114.74,8.61,10.04,119.33,320.03
083310,2937253.0,77630742.0,397.66,4.5,5.56,127.25,266.92
083420,7682711.0,162058008.0,24.46,6.67,10.45,152.58,141.07
083450,2972195.0,62626777.0,46.16,10.18,15.07,145.66,221.07
083470,1228648.0,72130108.0,0.18,0.66,1.57,176.91,101.04
083500,8895150.0,38730256.0,1.06,0.57,1.21,204.46,165.46
083550,6962387.0,100995882.0,4.18,2.15,3.5,148.81,202.89
083640,3664165.0,40921572.0,16.68,8.64,11.18,130.91,379.77
083650,118290239.0,569988111.0,1.82,3.08,12.13,363.17,118.85
083930,4559869.0,137604741.0,49.49,-11.41,-18.12,175.04,175.53
084010,138346682.0,810646282.0,1.68,1.95,4.2,197.62,139.13
084110,17454153.0,206224739.0,10.37,11.66,20.94,144.79,171.76
084180,7303434.0,46756794.0,4.41,4.62,9.09,192.39,102.5
084440,3359326.0,20359610.0,2.12,2.75,9.99,357.52,67.01
084650,2894350.0,22711664.0,10.95,6.13,10.28,171.98,190.94
084670,39788893.0,214756370.0,2.57,3.21,5.99,187.1,34.65
084690,314443797.0,2089472920.0,5.72,4.16,9.79,105.74,112.96
084730,42471809.0,208004825.0,0.62,-1.47,-2.65,199.62,207.6
084850,13976601.0,123454507.0,3.34,4.58,14.06,322.94,76.7
084870,102406140.0,445654797.0,19.81,9.22,18.47,176.49,283.53
084990,1773990.0,69624871.0,3411.4,0.39,0.4,103.97,2230.73
085370,15204347.0,72807901.0,1.09,-0.98,-2.14,183.37,111.62
085660,70301705.0,685465596.0,7.92,4.27,6.1,126.06,416.69
085670,20897424.0,101628162.0,0.97,-3.71,-10.04,283.19,107.27
085810,3857237.0,108113000.0,7.06,15.78,25.9,124.92,498.46
085910,1705230.0,85206045.0,7.82,3.11,4.0,136.18,163.86
086060,15930611.0,48350789.0,0.15,-1.77,-3.75,141.67,268.06
086220,2538297.0,39916247.0,1.9,-0.96,-9.44,1060.41,38.9
086280,709220922.0,5069219085.0,40.08,10.32,22.63,213.17,144.43
086450,12289493.0,218256645.0,311.87,8.16,10.81,132.5,349.02
086520,15375509.0,175365197.0,0.27,-4.61,-10.74,234.89,61.0
086670,6092184.0,93167225.0,8.61,3.93,6.91,164.8,156.62
086900,4333920.0,79413781.0,100.91,19.08,24.69,130.46,217.95
086960,4301910.0,102806802.0,203.46,9.21,11.74,123.37,397.95
087730,924113.0,14283482.0,154.82,15.92,22.34,138.96,314.47
088130,11009899.0,125726342.0,11.13,8.34,13.79,162.53,217.31
088390,4733034.0,187345383.0,20.51,16.56,27.5,149.29,160.1
088790,2876625.0,183720537.0,1.3,0.11,0.31,265.89,103.43
088800,35401793.0,364479440.0,2.37,2.93,9.99,253.62,77.93
088910,12832706.0,152310667.0,17.81,6.94,9.07,125.38,398.41
089010,31969583.0,218954005.0,9.21,10.39,24.71,199.93,109.52
089030,33274222.0,149900548.0,6.02,6.64,14.61,218.67,121.6
089140,800326.0,30594123.0,284.57,9.64,11.23,115.66,667.02
089150,809426.0,48036790.0,150.2,4.9,6.33,122.72,274.19
089470,87737554.0,547238482.0,3.13,4.29,15.87,337.54,118.14
089850,9806040.0,122722263.0,3.05,-0.99,-1.66,177.15,119.2
089980,18072771.0,143645644.0,5.41,5.3,9.01,173.23,140.47
090080,108728.0,68160050.0,0.59,1.5,5.75,369.01,116.21
090150,22279702.0,104504892.0,1.34,2.69,7.1,271.57,142.31
090350,92754674.0,528887786.0,2.93,2.23,5.21,225.56,95.29
090360,9257675.0,82794410.0,2.79,1.48,4.16,294.23,123.03
090370,1922201.0,141315712.0,0.92,-7.47,-20.16,271.26,116.22
090410,7734730.0,75437010.0,15.24,17.42,36.26,198.52,147.03
090430,291018321.0,3401848940.0,149.16,8.32,10.89,121.92,178.29
090460,42883801.0,230979545.0,7.18,10.72,27.68,213.34,108.53
090740,8207817.0,147557886.0,11.8,3.84,8.05,143.06,103.37
090850,60000.0,41485113.0,254.07,9.96,18.88,175.89,149.14
091120,16212878.0,126267577.0,36.37,18.67,31.56,134.79,347.74
091440,2386703.0,41630714.0,2.05,0.82,1.37,174.41,190.31
091580,7217381.0,95472229.0,2.28,0.55,1.23,205.74,79.75
091700,42658749.0,562067579.0,22.34,22.12,44.03,153.79,113.24
091970,7894453.0,78188724.0,6.74,5.14,8.12,140.39,175.99
091990,454601359.0,1072387195.0,3.26,2.01,7.79,412.98,291.23
092040,302120.0,44361035.0,58.36,22.31,26.44,107.18,1088.27
092190,64499765.0,327885925.0,2.26,3.2,24.61,450.24,18.2
092200,60082555.0,553613090.0,1.37,0.85,2.82,298.2,64.93
092230,71031749.0,1180182446.0,13.09,0.52,0.72,100.45,181.77
092440,1025042.0,230626359.0,205.6,8.73,9.42,106.34,867.63
092730,1674006.0,34758707.0,188.23,5.5,6.29,114.58,652.68
092780,24684616.0,168330779.0,2.56,4.07,22.34,463.35,67.04
092870,18214404.0,62755087.0,3.45,5.12,9.18,184.19,210.27
093050,128552442.0,1291580454.0,14.53,5.19,7.25,133.03,295.25
093190,1129730.0,100188806.0,334.19,18.68,21.72,112.4,579.57
093240,7697170.0,76232517.0,13.61,3.97,6.39,146.05,300.92
093320,499322.0,42421760.0,62115.49,13.01,13.86,106.3,1109.91
093380,10143316.0,78489838.0,7.5,6.47,9.87,149.45,223.62
093520,34115.0,60516645.0,34.34,8.06,14.75,177.27,193.45
093640,2026751.0,11146084.0,5.08,2.58,5.51,198.8,252.24
093920,2443783.0,176435016.0,68.84,17.29,25.1,142.3,189.05
094170,1754357.0,26162133.0,13.99,20.06,44.66,173.22,204.07
094280,8011009.0,85740869.0,14.14,9.63,26.74,299.27,73.27
094360,406158.0,17773546.0,8.89,4.16,5.7,134.38,329.41
094820,16529684.0,109782458.0,6.12,3.99,7.65,186.95,150.36
094840,390014.0,137401279.0,229.27,9.47,10.15,106.6,1101.52
094850,976539.0,86897888.0,6.3,5.73,9.54,161.3,121.44
094940,49756.0,34057948.0,19.5,7.87,11.17,138.94,226.07
095190,22060633.0,142531914.0,1.13,1.69,3.92,235.99,72.3
095340,9312629.0,105423852.0,60.58,10.79,13.08,122.04,387.93
095610,14886078.0,91584820.0,7.49,5.21,8.21,142.53,406.73
095660,103564722.0,506848572.0,10.38,8.49,16.78,153.1,152.55
095720,75332797.0,459352060.0,2.06,0.6,1.5,229.43,116.84
095910,35939457.0,186533788.0,5.03,4.93,11.21,193.39,163.13
096040,7267297.0,49133950.0,2.06,5.03,10.94,268.65,107.59
096240,22029704.0,121921363.0,8.5,8.29,13.83,143.0,161.9
096530,29332120.0,129038996.0,10.48,9.0,15.15,152.17,626.43
096610,6416301.0,78883917.0,12.21,7.44,11.79,159.33,149.21
096630,30655718.0,157264265.0,6.25,7.58,18.7,204.63,158.6
096640,21650344.0,323146730.0,0.88,-4.87,-10.5,221.03,115.74
096690,200909.0,40810184.0,61.97,9.58,10.98,114.98,473.79
096760,159872686.0,1014442067.0,0.46,1.55,7.32,165.86,82.4
096770,6708265561.0,35288869208.0,5.07,2.25,4.68,109.98,145.71
097520,23767904.0,212987608.0,3.39,4.41,13.55,292.62,96.22
097780,5700056.0,226721377.0,46.46,13.14,22.97,166.01,135.83
097870,1274695.0,55381189.0,33.16,9.03,12.55,126.58,360.09
097950,4483001637.0,13004490092.0,1.83,0.56,1.42,221.95,99.9
098120,1569611.0,38071841.0,301.28,15.64,18.29,114.06,419.53
098460,4800765.0,120951617.0,443.96,12.42,15.33,121.27,532.19
099190,23567969.0,141414881.0,73.15,15.97,21.58,133.96,451.8
099220,11547276.0,113965395.0,0.37,-1.47,-3.73,225.31,77.05
099320,6133913.0,55105831.0,28.13,6.18,7.53,127.65,409.89
099440,38353578.0,170198675.0,1.5,3.27,9.09,279.19,143.93
099520,2430969.0,56459310.0,3.64,4.39,7.72,155.39,184.93
099750,3583812.0,25255323.0,10.29,8.5,13.88,151.03,389.27
100030,663350.0,35412533.0,165.72,11.23,12.77,105.98,689.17
100130,30884692.0,300366076.0,46.79,0.86,1.1,131.39,405.67
100220,35623008.0,245904050.0,11.19,5.86,9.27,159.52,179.19
100250,87258763.0,528198182.0,6.27,4.71,6.77,100.7,180.99
100590,14594202.0,69351400.0,4.37,3.27,7.23,215.13,198.15
100660,1707427.0,61327652.0,198.9,4.13,4.73,113.29,795.89
100700,70000.0,64641404.0,448.85,14.36,15.79,109.1,666.5
100840,21521434.0,311675279.0,50.81,5.36,8.49,157.28,197.1
101000,18150914.0,97563737.0,1.2,6.55,29.37,325.44,74.15
101060,11171715.0,857274529.0,52.43,4.98,5.94,102.16,251.85
101170,3408981.0,96865146.0,10.12,1.67,2.0,120.53,240.09
101240,9869683.0,49206405.0,4.16,5.13,8.56,159.3,282.34
101330,2254618.0,167704781.0,31.3,16.26,25.52,137.63,110.21
101360,4549252.0,30876584.0,1.88,2.08,5.64,267.67,67.49
101390,8307651.0,179046743.0,2.32,-3.76,-10.23,174.37,99.75
101490,25157934.0,128650209.0,5.13,-8.03,-18.3,173.6,70.94
101530,174581592.0,714834748.0,1.58,1.16,5.21,463.23,51.31
101670,1404872.0,32848207.0,40866.84,3.73,4.15,110.8,1139.49
101730,1656335.0,119597778.0,475.16,12.86,14.01,106.51,832.97
101930,40480789.0,275592553.0,1.23,4.06,7.68,159.33,83.46
102120,3959434.0,79915085.0,78.55,11.84,14.89,125.16,359.6
102210,34980434.0,196371510.0,2.06,2.64,4.45,183.26,242.8
102260,45411247.0,735574617.0,3.49,2.47,5.61,133.78,102.73
102460,4783406.0,178399194.0,337.69,6.74,8.47,127.07,361.09
102710,12276579.0,169525736.0,13.65,4.11,6.4,145.8,121.08
102940,36969701.0,206897997.0,10.47,8.63,14.96,167.36,187.57
103140,632764324.0,2684089621.0,2.71,2.28,6.17,219.98,130.95
103590,143090767.0,835753216.0,1.74,0.6,1.6,272.52,74.41
103840,11869068.0,45514377.0,1.72,2.11,7.8,380.09,125.92
104040,1246877.0,41770115.0,40.85,7.81,11.49,141.44,218.37
104200,219938.0,61177504.0,45.53,14.75,20.96,136.46,227.15
104460,1815669.0,91731815.0,22.97,0.83,1.31,171.42,191.36
104480,41009904.0,532727302.0,0.05,2.31,6.0,268.43,54.22
104540,9398380.0,60227570.0,2.35,6.76,10.37,134.54,601.28
104700,22874586.0,907187123.0,5.07,1.02,1.37,132.1,216.75
104830,9878559.0,180540028.0,201.11,11.47,13.4,113.1,414.61
105330,3778126.0,51732118.0,0.13,-1.47,-2.29,149.31,167.97
105550,7939176.0,44150696.0,6.73,20.89,90.1,353.42,88.07
105630,72109577.0,682383723.0,11.18,6.69,16.76,197.28,132.94
105740,4816284.0,88426122.0,33.61,6.32,8.2,130.26,266.5
106520,33914359.0,129473218.0,17.99,15.57,33.13,209.64,227.79
107590,5140837.0,182542811.0,869.3,18.78,22.95,119.39,439.84
107640,10105018.0,60549733.0,1.36,1.5,4.85,263.24,97.52
108230,38126951.0,226492457.0,7.02,5.63,10.48,202.25,195.24
108380,2234754.0,166437416.0,7046.18,9.43,12.93,120.97,228.81
108490,335501.0,13349844.0,8.23,13.47,19.97,142.54,199.21
108670,348840000.0,1952089000.0,5.27,3.88,9.58,210.83,121.31
108790,39377229.0,369812679.0,5.87,3.58,13.78,304.99,97.85
109080,1440794.0,31817051.0,11.29,5.83,7.43,127.35,418.28
109610,29088505.0,134550197.0,2.78,4.05,18.5,344.33,81.24
109740,891772.0,36090434.0,50.34,7.11,9.07,118.96,525.63
109860,5516802.0,103471895.0,29.97,6.98,8.57,113.49,400.5
110790,17462284.0,128996482.0,7.46,12.03,48.18,382.56,100.2
110990,377849.0,116448092.0,4.41,9.53,15.75,152.71,198.19
111110,12128871.0,105463675.0,5.41,8.42,19.55,225.14,206.45
111710,7462938.0,102895799.0,18.59,7.82,9.12,114.53,36.13
111770,167444614.0,1212275619.0,54.35,11.03,15.41,144.23,426.6
111820,14216211.0,58194440.0,11.46,4.36,6.43,160.29,729.83
112040,2533612.0,369437902.0,324.19,3.36,3.59,107.99,630.43
112190,15830181.0,30453070.0,0.09,-10.14,-695.46,2235.07,118.89
112240,210000.0,80473223.0,18.74,6.64,9.16,131.85,327.29
112610,11760378.0,267529586.0,8.23,9.8,21.36,159.31,109.95
114090,7771431.0,562914254.0,2720.95,25.82,37.85,142.32,272.7
114190,2954.0,72441333.0,18.11,4.85,9.57,157.9,231.75
114630,2265683.0,70764282.0,5.68,3.18,3.92,121.44,540.28
114810,21339929.0,103743216.0,7.29,7.88,19.55,232.03,76.8
114920,1746991.0,69580615.0,2.85,4.16,8.9,223.46,131.99
115160,37246174.0,834854559.0,5.47,3.35,6.16,162.5,177.86
115310,14584681.0,69206129.0,48.92,20.35,24.62,133.67,2405.9
115390,5911759.0,796956602.0,18.54,5.79,7.5,126.31,244.75
115440,3186283.0,56787825.0,49.32,7.85,10.95,149.43,243.03
115480,13315272.0,64246472.0,0.08,0.34,0.49,153.54,378.78
115570,19769260.0,141759008.0,1.79,-0.04,-0.11,205.89,61.07
115610,733159.0,34994539.0,109.54,6.27,7.29,118.86,461.69
115960,21360190.0,162003689.0,5.0,3.58,7.43,207.77,86.04
116100,6085417.0,37437011.0,2.56,3.82,10.18,258.52,77.12
117580,104974202.0,652990816.0,2.91,1.92,4.6,238.03,97.01
117670,224272.0,38372719.0,56.69,9.29,12.55,124.15,334.42
117730,6474975.0,25552909.0,1.25,2.31,8.76,412.85,93.99
119500,8494314.0,60189456.0,1.31,2.32,3.73,159.99,132.78
119610,2883451.0,67410139.0,31.0,14.23,17.73,122.22,350.86
119650,8971058.0,163670161.0,0.95,1.91,5.26,228.39,147.98
119830,13231748.0,48144075.0,0.95,0.14,0.32,207.66,52.52
119850,5464885.0,65268669.0,7.39,6.88,13.95,162.56,184.77
119860,2723906.0,58101585.0,284.09,10.09,11.22,108.99,1804.3
120030,1719563.0,60264361.0,29383.47,16.49,20.58,124.6,482.82
120110,1088338535.0,4719887457.0,3.05,2.43,5.94,231.04,114.96
120240,14623590.0,89439265.0,42.13,12.43,16.08,135.85,613.21
120780,12138030.0,37068027.0,0.24,4.25,13.52,289.69,75.63
121060,1492914.0,40456260.0,3.79,1.51,11.28,724.61,111.38
121440,2679124.0,637840057.0,25.98,0.48,0.67,137.98,133.05
121600,4937079.0,67523690.0,4.32,1.72,2.04,116.67,905.68
121800,3407894.0,54523315.0,2.13,1.43,1.75,128.05,333.48
122310,2125000.0,22888052.0,2.66,1.92,4.8,231.65,116.4
122350,37981504.0,206059273.0,4.96,6.73,17.95,189.9,51.04
122450,4131490.0,125097900.0,12.91,7.24,10.75,128.57,227.15
122690,149045354.0,655520267.0,1.92,1.05,3.42,170.36,77.98
122900,5834943.0,791732913.0,95.34,5.23,11.67,221.91,168.21
122990,6724772.0,154035412.0,6.85,8.92,18.48,189.5,94.4
123010,3237885.0,24351782.0,0.32,-3.24,-30.3,1025.59,39.47
123040,253442789.0,594664733.0,1.62,-2.92,-34.66,356.02,80.16
123330,3331769.0,64948718.0,86.72,5.52,6.51,121.23,381.65
123410,15192978.0,200854673.0,10.9,9.57,21.04,207.16,117.35
123420,454041.0,49403023.0,64.79,43.01,56.07,117.29,707.71
123570,10928532.0,58783681.0,10.35,4.34,7.83,184.1,285.87
123700,4376644.0,162337419.0,113.92,10.33,13.11,123.4,384.55
123750,1836272.0,67371866.0,5.07,3.94,5.83,139.35,197.44
123840,3250655.0,59554422.0,23.75,5.68,9.13,132.25,326.84
123860,2000000.0,102188763.0,46.68,2.76,3.14,116.76,499.57
124500,20623852.0,99502190.0,2.2,2.88,9.73,406.88,103.2
124560,9387500.0,58172760.0,2.1,1.91,11.41,518.69,83.34
125210,5764504.0,42994789.0,1.06,-34.59,-92.49,308.25,71.7
126560,13541571.0,611082113.0,36.98,9.16,10.68,103.47,329.24
126600,9586624.0,65785053.0,29.05,11.91,16.69,142.14,474.38
126640,4694461.0,119517520.0,24.33,4.72,6.96,148.23,104.65
126700,1906850.0,72308625.0,109.53,14.98,18.29,113.37,884.79
126870,3781067.0,66417390.0,4.27,4.75,8.73,179.68,159.69
126880,5510938.0,144865555.0,0.29,0.27,0.52,162.41,135.71
127160,13724149.0,43171096.0,6.0,8.81,27.46,264.82,149.72
128540,7247298.0,37167883.0,7.89,8.47,26.17,287.86,133.38
128660,6578994.0,53668606.0,3.58,4.37,9.77,219.99,109.99
128940,184093765.0,880869229.0,4.19,5.89,11.59,209.47,193.18
129260,128143002.0,458605173.0,2.31,-2.63,-6.3,256.84,106.03
130500,2941930.0,45509718.0,8.11,3.78,7.21,158.51,159.46
130660,34242471.0,176708574.0,26.95,5.77,13.63,192.49,151.62
130740,2761326.0,54783661.0,7.82,2.86,3.84,135.34,230.09
131030,1610993.0,53873631.0,11.33,3.39,5.44,119.95,438.29
131090,198630.0,30040480.0,17.54,5.44,7.97,143.04,256.83
131180,372583.0,50035462.0,392.7,6.52,6.99,105.59,1182.4
131220,11912134.0,37721152.0,2.58,2.06,3.97,197.09,300.35
131290,14525042.0,170725468.0,2.92,-0.32,-0.44,109.5,234.72
131370,2381927.0,60223420.0,101.74,3.82,4.47,111.82,1159.18
131390,419176.0,50634965.0,33.61,2.15,3.14,129.61,209.88
131400,5646520.0,71757251.0,6.35,2.25,4.03,168.65,138.79
131760,15307520.0,101811562.0,2.38,5.45,47.28,540.98,93.05
131970,22712559.0,110923213.0,6.54,10.2,22.32,189.88,106.67
133820,44103035.0,202715486.0,3.4,8.34,34.83,350.81,78.67
134060,1418439.0,20289380.0,9530.31,3.92,4.67,121.69,600.26
134380,4474918.0,82110790.0,114.85,13.45,18.58,133.71,264.54
134580,2977958.0,53725025.0,557.65,9.77,13.2,126.55,630.23
134780,6792393.0,108057800.0,33.61,14.92,24.04,134.09,166.02
135160,3594737.0,23060739.0,2.44,5.42,22.35,366.18,96.13
136480,65701673.0,481047091.0,1.17,3.04,7.76,233.67,102.13
136490,15445259.0,283542777.0,13.81,10.59,22.38,194.45,148.68
136510,414412.0,28735794.0,9425.81,4.78,5.0,105.13,2088.9
136660,6105637.0,40128322.0,1.39,1.12,2.16,210.58,171.86
137400,495750.0,72851670.0,48.66,4.39,7.01,150.95,240.92
137950,4046932.0,75575374.0,6.22,2.53,3.8,144.6,101.25
138070,1716505.0,68575394.0,19.26,6.84,8.47,112.88,294.55
138080,12493693.0,56720707.0,6.18,15.5,54.58,334.33,137.54
138250,8347390.0,336453377.0,306.72,17.4,25.97,148.04,176.28
138360,323478.0,38564866.0,295.1,11.83,13.58,107.15,1271.93
138490,35011572.0,219566895.0,0.39,-1.47,-3.46,247.04,101.56
139050,213807.0,32107836.0,128.17,1.45,1.93,138.35,221.95
139480,2914661328.0,13051829830.0,5.93,3.76,7.43,184.83,36.67
140070,257332.0,62855549.0,4.24,5.96,13.23,224.77,136.82
140520,17592536.0,244880211.0,1.94,1.4,3.81,269.73,82.48
140660,1139532.0,13808167.0,0.98,-7.02,-10.02,144.75,182.57
140670,9813094.0,46577445.0,1.24,2.95,9.36,291.95,136.9
141000,19730197.0,85159194.0,6.46,5.02,7.27,150.78,443.15
142280,1127955.0,42955851.0,6.25,5.69,14.51,264.3,127.67
143160,895800.0,146011865.0,88.83,14.9,17.95,107.86,1046.5
143240,33000.0,66650097.0,216.95,9.4,10.8,108.86,1035.82
143540,292700.0,30203842.0,5.44,38.18,237.25,197.16,95.65
144620,1264524.0,302392637.0,89.81,2.75,4.06,147.61,144.01
144960,457653.0,62326679.0,11.58,9.24,13.07,138.77,167.48
145020,45752539.0,78068044.0,10.85,14.23,31.38,288.44,754.65
145210,70896530.0,291666942.0,2.41,1.42,3.32,174.13,118.78
145720,5434131.0,85515003.0,54.17,18.26,47.47,203.12,130.35
145990,47600137.0,780911217.0,10.84,2.36,4.52,175.88,117.86
147830,3965846.0,44790611.0,19.16,14.85,21.36,145.76,213.48
148150,3184336.0,69239541.0,80.85,29.89,51.25,145.38,257.99
148250,2854123.0,17417936.0,11.38,13.11,20.51,150.03,304.94
149010,162275.0,11760116.0,3.26,4.8,10.43,209.61,119.51
149940,1410389.0,24290771.0,2592.75,2.94,3.37,112.33,1312.16
149950,1288454.0,113209882.0,1018.15,15.06,17.32,115.43,299.73
149980,223963.0,9359071.0,433.82,39.43,48.23,117.79,696.9
150840,1515150.0,20541376.0,22.79,13.75,26.26,118.6,989.36
150900,2382049.0,31379290.0,9.44,6.78,9.64,130.47,434.51
151860,20950410.0,174407630.0,10.56,7.2,13.34,160.22,71.8
151910,17317874.0,179139015.0,3.5,3.02,9.22,275.66,79.55
152330,30856348.0,361175269.0,12.39,5.05,8.58,170.82,100.21
153460,460015.0,29331445.0,4.62,3.78,4.88,117.59,496.8
154030,6052132.0,29945034.0,0.59,-1.65,-5.08,352.36,129.91
154040,3821436.0,85777169.0,20.51,26.76,45.67,137.41,340.63
155650,4334040.0,50810196.0,27.7,9.79,12.67,125.81,503.51
155660,2764560.0,168022216.0,8.73,4.21,6.97,141.4,187.16
156100,9636077.0,32067416.0,9.44,12.36,26.1,225.75,317.42
158300,2175191.0,26342629.0,4.78,-2.36,-5.54,243.31,139.63
158310,880168.0,35266920.0,1080.04,14.64,21.01,127.69,326.88
158430,537365.0,9640359.0,4.88,4.34,6.26,130.28,414.02
159580,1286634.0,97979708.0,15.88,4.1,8.45,170.23,215.8
160550,14230122.0,117497620.0,39.43,19.14,88.31,409.56,133.11
160600,6608876.0,31701411.0,1.06,0.82,2.63,324.13,83.07
160980,406116.0,36357819.0,260.08,17.47,28.48,175.89,209.16
161000,15826449.0,410696212.0,4.75,6.09,17.93,226.25,104.0
161390,910319985.0,7776713391.0,16.61,9.83,20.57,151.9,134.33
161570,266272.0,36205998.0,449.88,12.91,15.8,112.63,915.91
161580,719404.0,54714067.0,92.4,38.34,79.32,178.1,109.55
161890,54894234.0,294944664.0,6.32,5.36,13.28,251.58,157.6
162120,1969661.0,18086817.0,3.13,5.92,25.27,416.43,91.47
163560,17705475.0,214293411.0,15.75,6.76,11.75,170.54,150.86
166090,8993286.0,58415222.0,2.73,3.63,11.91,319.07,77.78
170030,1588081.0,84934544.0,263.97,15.08,25.7,144.79,234.34
170920,1025325.0,81090939.0,63.26,27.4,35.49,111.89,730.53
171010,7259461.0,51927730.0,2.75,4.34,9.89,192.79,78.45
171090,1493156.0,42883276.0,15.11,7.77,13.18,170.93,137.9
171120,1798436.0,83621048.0,49.94,21.08,26.28,112.0,671.46
173130,3116878.0,21589028.0,15.82,14.73,47.6,311.08,168.94
173940,1439780.0,29849213.0,5362032.54,10.08,36.97,252.56,100.53
174880,12487645.0,56575798.0,10.98,10.39,28.68,221.06,138.07
176440,623919.0,71788632.0,63.32,28.78,90.73,238.18,119.79
176750,16931294.0,44230388.0,0.93,1.7,7.12,450.73,44.56
177830,11762654.0,59728773.0,6.19,11.25,27.33,215.51,53.95
178320,6719797.0,38438542.0,0.42,-0.86,-3.06,377.35,57.72
178600,5187130.0,21085091.0,2.75,3.0,10.76,332.75,124.27
178920,19214462.0,263901502.0,25.37,9.73,12.21,124.41,257.53
179900,24661776.0,59745862.0,22.18,49.29,124.25,224.12,348.73
181340,3457560.0,21790708.0,6.39,5.19,7.32,133.09,585.16
182690,402837.0,19979030.0,19.12,28.74,65.77,162.71,154.75
183350,3338544.0,14836440.0,31.18,10.66,22.82,221.91,143.18
183410,1409516.0,16345448.0,4.47,4.38,6.47,135.36,380.55
185190,2211097.0,14021926.0,1.22,1.5,4.79,313.53,93.88
186230,4496833.0,32312145.0,2.09,1.36,3.48,278.33,88.1
187270,8626408.0,35664791.0,16.75,22.8,60.49,242.05,176.15
187420,5790306.0,9000051.0,2.43,2.62,14.28,386.25,857.54
187790,12706023.0,59434902.0,3.08,3.48,12.64,367.13,93.8
187870,7696728.0,42120938.0,3.1,3.58,7.86,222.5,162.81
189300,9347299.0,55780944.0,5.42,4.16,9.18,248.7,140.55
189350,548806.0,13093073.0,54.57,13.79,15.07,109.46,976.47
189860,1127339.0,27115512.0,138.28,23.33,41.48,183.28,138.05
189980,4503264.0,32957359.0,12.56,15.52,37.76,241.76,80.71
190510,4787164.0,91254175.0,4.1,2.76,23.1,475.52,101.81
191420,1615366.0,15797659.0,15.92,10.14,12.46,116.09,2274.27
192250,199980.0,25748002.0,76.97,21.95,31.48,138.42,329.88
192390,1489310.0,42294957.0,15.35,17.29,36.61,184.11,117.67
192400,22216615.0,455900527.0,3573.81,13.5,16.98,124.53,357.22
192440,1114570.0,46616087.0,286.73,29.41,36.28,110.94,521.75
192650,19168715.0,242321507.0,54.78,27.85,54.64,184.18,171.14
193250,364484.0,19206904.0,72.1,36.28,74.27,205.76,185.64
194480,48209.0,30330331.0,62.11,142.0,280.16,151.28,276.48
194510,2464529.0,20648041.0,73.94,47.22,76.93,131.17,645.14
194700,861558.0,32479005.0,13.68,9.76,17.79,162.33,155.32
195500,13157557.0,58334908.0,1.62,1.78,4.26,226.9,127.45
195990,1460733.0,65682161.0,9.41,11.4,17.63,164.94,210.25
196170,1389394.0,8317949.0,12.81,22.88,32.64,139.91,859.31
196300,1860167.0,11197040.0,1.0,1.5,6.51,396.7,81.25
196490,4783681.0,22395953.0,6.9,10.37,24.97,239.24,176.73
198440,14699946.0,56772906.0,12.38,13.82,33.44,192.1,227.46
200130,2406931.0,60634342.0,55.05,17.19,28.47,153.82,172.31
200230,402670.0,32195809.0,65.7,28.95,42.13,140.25,305.46
200350,1345346.0,3465403.0,1.32,29.89,284.39,450.0,219.55
200470,16409985.0,69492104.0,2.04,2.92,5.92,188.33,61.17
200580,45000.0,11924002.0,2.36,8.18,12.73,160.01,187.81
200670,6676315.0,23852635.0,12.37,44.38,90.41,162.18,546.59
200710,537798.0,22262440.0,20.67,13.94,33.25,197.32,179.98
200780,1921867.0,42419404.0,4.92,8.23,13.73,163.65,182.88
201490,99538.0,4773891.0,127.68,26.56,30.2,112.96,674.59
203450,2288846.0,21682590.0,11.65,3.93,7.29,201.98,188.32
204990,761307.0,17391557.0,37.09,9.39,17.24,178.96,162.02
206950,3246224.0,36651739.0,2.79,3.13,7.21,234.64,133.34
207490,949051.0,10482852.0,1.73,2.83,15.52,622.55,95.77
211270,274982.0,31869336.0,3721.39,40.74,61.35,142.99,249.58
214370,2261425.0,45033995.0,264675.03,17.52,20.83,116.01,435.99
214680,8591454.0,26615686.0,1.73,3.02,9.31,343.26,132.23
214870,2806733.0,28041637.0,24.31,18.39,44.25,177.72,175.71
215570,24850.0,546435.0,1.24,3.46,5.89,134.52,186.81
216280,1229757.0,11014837.0,2.38,4.21,16.32,350.06,112.38
217500,500000.0,11814867.0,19.1,4.82,5.53,117.83,575.03
217880,782539.0,8504397.0,1.92,3.15,30.31,462.38,91.58
218410,4925053.0,86991614.0,108.89,26.39,42.27,159.9,229.81
219130,7821778.0,31359646.0,7.75,7.5,13.59,168.56,182.84
219750,568132.0,7324561.0,5.33,4.33,13.43,369.67,136.59
220100,35827.0,3275100.0,0.5,0.7,1.33,153.49,194.8
220260,1234166.0,13836508.0,9.89,8.77,13.38,149.92,227.01
221610,9248489.0,29823151.0,3.63,2.23,7.67,330.23,161.57
221980,1990502.0,42161555.0,10.43,8.34,13.32,153.67,205.71
222080,413599.0,29961951.0,10.67,2.18,2.81,120.22,416.2
222160,741594.0,12637256.0,15.48,29.1,101.82,264.67,126.29
222420,5681919.0,32307974.0,4.1,3.66,6.8,173.45,239.35
222810,1099301.0,14640208.0,13.17,10.59,18.47,171.67,154.15
222980,4603022.0,25610652.0,5.79,4.27,11.17,278.36,67.9
224020,5080893.0,19094232.0,1.31,0.64,2.71,459.22,34.64
224760,2776290.0,26572769.0,23.37,4.96,7.38,154.24,158.49
224810,311707.0,25841332.0,15.07,5.75,9.42,198.1,168.45
225330,105165.0,19268624.0,740.36,29.44,44.99,156.49,104.62
225850,2660319.0,41540375.0,13.97,0.53,25.73,3400.65,86.37
226350,1960735.0,22311581.0,11.97,7.1,11.17,168.66,202.59
226360,1390605.0,13821881.0,35.86,13.35,20.91,153.29,138.57
226440,4930083.0,18139123.0,2.74,3.8,10.16,268.96,158.29
227950,968834.0,17674767.0,1.65,1.63,5.68,356.57,72.24
228850,8824153.0,77894715.0,8.74,29.21,54.62,178.51,151.41
230240,5775160.0,77363625.0,9.29,-3.82,-7.58,206.14,149.92
230980,57650.0,3801577.0,0.85,0.38,0.58,147.93,216.72
234070,2128286.0,19904611.0,0.77,5.1,20.85,385.5,39.32
234080,9113236.0,154233318.0,1.54,1.05,2.37,219.32,37.48
234100,94412.0,19684416.0,14.96,4.74,9.52,201.61,151.66
237690,1781754.0,115806170.0,2.73,6.62,14.87,215.63,90.3
237750,1072440.0,19491679.0,16.49,5.02,8.1,139.97,301.14
237880,1754917.0,20241753.0,34.46,5.6,11.43,229.93,131.43
238090,5215638.0,23715311.0,1.62,1.61,4.76,328.73,119.3
238490,3010738.0,26596665.0,7.19,7.41,14.7,174.06,108.26
241690,10058015.0,24368090.0,1.0,1.09,2.87,265.23,184.19
241710,6343700.0,40053393.0,3.73,2.75,7.62,285.68,68.05
241770,8299195.0,26227113.0,3.03,2.57,5.14,199.18,246.97
241840,830082.0,9046976.0,6.98,-2.48,-7.31,275.82,173.58
242040,2150520.0,11524133.0,3.31,0.89,5.61,658.7,133.88
242350,2373095.0,6610736.0,3.35,6.13,13.82,230.23,77.26
243840,5995428.0,48615278.0,21.78,13.05,20.9,157.69,150.69
243870,636565.0,19484954.0,83.64,8.66,9.68,111.99,821.81
250930,2364258.0,25329976.0,2.64,1.67,3.89,220.67,132.01
251270,27206507.0,189395971.0,6.97,-4.16,-8.34,165.02,83.27
251370,21322010.0,53804783.0,4.06,6.29,19.67,316.8,118.96
251960,140564.0,22641398.0,4.42,3.76,19.85,428.26,127.63
251970,2662100.0,30584983.0,9.75,11.71,39.05,341.06,74.4
252500,3525561.0,23372476.0,5.3,3.82,7.4,205.32,130.02
253590,7770955.0,23419745.0,19.66,22.47,44.49,208.09,369.38
254120,1438975.0,12011038.0,1.86,2.19,4.96,224.48,140.39
255220,923851.0,23654762.0,8.37,16.68,69.21,433.79,69.55
255440,2957500.0,56966956.0,8.32,15.11,26.27,174.08,139.46
256630,9422875.0,38724918.0,2.35,2.62,4.59,173.74,186.14
256840,394066.0,4421664.0,22.63,20.18,40.04,173.26,180.45
258610,4042737.0,17961509.0,4.73,7.38,28.78,356.71,117.55
258790,1565873.0,13690126.0,4.24,8.33,35.58,285.74,110.77
258830,3518170.0,16717788.0,20.95,24.5,44.58,158.75,185.86
260660,6176416.0,33186919.0,2.48,2.27,7.54,314.5,73.49
263020,323500.0,14187590.0,13.63,10.5,19.27,182.51,86.73
263540,11601431.0,28189260.0,1.84,3.11,18.05,600.66,124.9
263600,1516350.0,19921435.0,62.14,21.79,43.93,175.26,167.5
263690,3212164.0,15776723.0,5.39,5.13,11.3,230.09,179.44
263800,442032.0,17025725.0,6.23,2.88,5.3,201.11,149.1
263810,1721017.0,21229938.0,8.66,8.07,22.03,250.96,116.05
263860,4130209.0,13155570.0,4.16,3.16,7.82,240.87,254.2
264660,383318.0,13474115.0,6.07,9.02,29.53,324.16,88.2
265560,3833433.0,31345128.0,27.61,14.49,26.36,175.44,202.22
267320,1287621.0,11463818.0,8.7,6.56,13.88,192.52,170.79
267850,4124401.0,134450041.0,712.25,5.51,11.05,169.5,199.47
272110,3134209.0,38799243.0,2.18,1.09,4.93,507.28,100.81
272210,23236344.0,636918989.0,77223.59,3.04,5.32,173.59,187.15
272450,17011121.0,88642801.0,2.83,5.32,27.18,499.01,116.38
277410,4216424.0,19181240.0,1.89,1.55,3.78,255.98,97.31
278280,2519702.0,37041414.0,56.69,20.9,26.26,127.11,275.66
290380,2938169.0,17215350.0,8.89,6.9,13.96,193.62,233.71
290510,12222085.0,62050083.0,5.59,6.6,12.77,190.02,73.69
293480,20693533.0,84132742.0,4.11,7.27,25.45,327.75,109.43
306620,478422.0,27633512.0,1.85,2.56,5.43,210.29,93.14
307950,7866681.0,483306530.0,404.76,9.81,22.34,212.07,161.7
308170,53068073.0,196044165.0,0.61,2.52,22.59,746.01,69.42
313760,8179600.0,24951598.0,2.7,3.64,11.65,312.83,112.57
317400,3103828.0,32551762.0,69.54,1.78,2.8,160.05,250.03
317830,1556630.0,16952244.0,8.87,5.6,12.21,194.78,125.43
317850,5950414.0,43704766.0,34.99,10.15,16.23,164.49,235.33
317870,4777172.0,11790999.0,1.25,0.99,5.52,485.27,34.87
318000,4000592.0,12559447.0,4.42,11.44,40.56,302.44,139.64
318010,1886748.0,10619811.0,23.77,14.77,23.16,137.99,407.28
950110,455778.0,86879175.0,106.28,1.4,4.17,119.62,147.0
950130,1994113.0,59189994.0,201.97,17.76,21.8,116.92,602.16
